deso,swedish,foreign,total
0114A0010,669,194,863
0114C1010,1133,429,1562
0114C1020,1132,487,1619
0114C1030,1718,609,2327
0114C1040,1046,1279,2325
0114C1050,1644,449,2093
0114C1060,1652,1477,3129
0114C1070,1050,601,1651
0114C1080,853,1639,2492
0114C1090,869,2108,2977
0114C1100,1036,790,1826
0114C1110,1308,940,2248
0114C1120,1289,962,2251
0114C1130,971,1104,2075
0114C1140,2307,973,3280
0114C1150,1165,1489,2654
0114C1160,1294,731,2025
0114C1170,917,749,1666
0114C1180,669,396,1065
0114C1190,1153,868,2021
0114C1200,742,2029,2771
0114C1210,849,1752,2601
0114C1220,888,853,1741
0115A0010,1722,463,2185
0115A0020,976,256,1232
0115A0030,1102,154,1256
0115A0040,1203,279,1482
0115B2010,1219,225,1444
0115B3010,950,215,1165
0115C1010,2151,469,2620
0115C1020,2003,351,2354
0115C1030,1054,231,1285
0115C1040,1817,305,2122
0115C1050,2250,498,2748
0115C1060,1620,553,2173
0115C1070,1337,1036,2373
0115C1080,1193,282,1475
0115C1090,933,415,1348
0115C1100,2030,486,2516
0115C1110,1453,536,1989
0115C1120,1442,374,1816
0115C1130,1002,266,1268
0117A0010,594,116,710
0117A0020,1787,311,2098
0117A0030,1961,425,2386
0117C1010,1424,256,1680
0117C1020,1346,292,1638
0117C1030,2283,372,2655
0117C1040,2345,290,2635
0117C1050,2061,642,2703
0117C1060,2229,476,2705
0117C1070,1919,422,2341
0117C1080,2440,507,2947
0117C1090,1995,570,2565
0117C1100,1867,927,2794
0117C1110,1346,1209,2555
0117C1120,1235,578,1813
0117C1130,1382,732,2114
0117C1140,1565,785,2350
0117C1150,611,239,850
0117C1160,1688,560,2248
0117C1170,1570,390,1960
0117C1180,1128,318,1446
0117C1190,1343,371,1714
0117C1200,1812,419,2231
0120A0010,1941,279,2220
0120C1010,1550,335,1885
0120C1020,1431,281,1712
0120C1030,1660,220,1880
0120C1040,1954,413,2367
0120C1050,1243,437,1680
0120C1060,1924,320,2244
0120C1070,717,101,818
0120C1080,1466,341,1807
0120C1090,1820,228,2048
0120C1100,2511,404,2915
0120C1110,2707,636,3343
0120C1120,1615,348,1963
0120C1130,1478,392,1870
0120C1140,1912,514,2426
0120C1150,1338,283,1621
0120C1160,1508,206,1714
0120C1170,1231,270,1501
0120C1180,1136,812,1948
0120C1190,1609,517,2126
0120C1200,1290,274,1564
0120C1210,1702,322,2024
0120C1220,1154,190,1344
0120C1230,1134,303,1437
0123C1010,1498,890,2388
0123C1020,1244,684,1928
0123C1030,1190,602,1792
0123C1040,1235,398,1633
0123C1050,1347,643,1990
0123C1060,1538,684,2222
0123C1070,1462,608,2070
0123C1080,1158,469,1627
0123C1090,1607,1187,2794
0123C1100,1485,723,2208
0123C1110,1548,569,2117
0123C1120,1295,547,1842
0123C1130,223,1314,1537
0123C1140,2016,3995,6011
0123C1150,1208,1007,2215
0123C1160,528,1455,1983
0123C1170,110,1012,1122
0123C1180,1285,664,1949
0123C1190,451,1573,2024
0123C1200,596,774,1370
0123C1210,326,1512,1838
0123C1220,1310,2247,3557
0123C1230,947,1477,2424
0123C1240,894,915,1809
0123C1250,454,1126,1580
0123C1260,897,2074,2971
0123C1270,1440,755,2195
0123C1280,381,715,1096
0123C1290,676,1663,2339
0123C1300,1091,927,2018
0123C1310,1041,509,1550
0123C1320,1676,1014,2690
0123C1330,1409,517,1926
0123C1340,1194,1086,2280
0123C1350,1141,1203,2344
0123C1360,1395,932,2327
0123C1370,578,1321,1899
0123C1380,682,323,1005
0123C1390,1346,793,2139
0123C1400,1855,796,2651
0125A0010,821,164,985
0125A0020,1311,385,1696
0125A0030,639,146,785
0125A0040,1560,522,2082
0125B2010,1267,290,1557
0125B2020,2066,416,2482
0125B2030,1052,146,1198
0125B3010,656,169,825
0125B3020,1171,187,1358
0125C1010,1426,186,1612
0125C1020,1284,132,1416
0125C1030,1944,260,2204
0125C1040,2156,709,2865
0125C1050,1272,311,1583
0125C1060,1437,377,1814
0125C1070,1765,311,2076
0125C1080,2115,470,2585
0126A0010,1288,315,1603
0126C1010,1722,1088,2810
0126C1020,862,2163,3025
0126C1030,565,1431,1996
0126C1040,1174,626,1800
0126C1050,1279,477,1756
0126C1060,456,1396,1852
0126C1070,435,925,1360
0126C1080,603,2487,3090
0126C1090,367,1337,1704
0126C1100,894,598,1492
0126C1110,302,1997,2299
0126C1120,1547,402,1949
0126C1130,635,1484,2119
0126C1140,223,1588,1811
0126C1150,978,282,1260
0126C1160,757,1150,1907
0126C1170,1240,710,1950
0126C1180,526,972,1498
0126C1190,2134,1056,3190
0126C1200,1613,561,2174
0126C1210,1345,539,1884
0126C1220,1163,761,1924
0126C1230,1419,613,2032
0126C1240,1371,354,1725
0126C1250,1075,713,1788
0126C1260,2082,515,2597
0126C1270,1306,460,1766
0126C1280,1444,482,1926
0126C1290,1811,482,2293
0126C1300,1213,937,2150
0126C1310,1776,1501,3277
0126C1320,1078,613,1691
0126C1330,1370,414,1784
0126C1340,906,444,1350
0126C1350,2065,661,2726
0126C1360,1934,532,2466
0126C1370,303,843,1146
0126C1380,807,225,1032
0126C1390,1701,329,2030
0126C1400,1179,409,1588
0126C1410,1402,518,1920
0126C1420,356,1266,1622
0126C1430,1157,253,1410
0126C1440,998,256,1254
0126C1450,865,192,1057
0126C1460,2171,528,2699
0126C1470,1352,290,1642
0126C1480,1566,415,1981
0126C1490,170,800,970
0126C1500,1282,316,1598
0126C1510,301,1828,2129
0126C1520,179,985,1164
0126C1530,1625,804,2429
0126C1540,168,804,972
0126C1550,490,2044,2534
0126C1560,1167,687,1854
0126C1570,804,786,1590
0126C1580,1374,363,1737
0126C1590,1183,939,2122
0127A0010,1664,424,2088
0127A0020,474,1294,1768
0127C1010,689,254,943
0127C1020,1177,513,1690
0127C1030,1267,1489,2756
0127C1040,1002,723,1725
0127C1050,2040,1107,3147
0127C1060,1255,508,1763
0127C1070,942,704,1646
0127C1080,721,1963,2684
0127C1090,569,1779,2348
0127C1100,901,1092,1993
0127C1110,695,1316,2011
0127C1120,1286,273,1559
0127C1130,1144,294,1438
0127C1140,1211,554,1765
0127C1150,1728,782,2510
0127C1160,772,1116,1888
0127C1170,898,1247,2145
0127C1180,1935,1432,3367
0127C1190,1153,695,1848
0127C1200,1099,1049,2148
0127C1210,1129,623,1752
0127C1220,663,517,1180
0127C1230,787,356,1143
0127C1240,807,507,1314
0127C1250,1462,515,1977
0127C1260,1328,594,1922
0127C1270,382,1983,2365
0127C1280,390,1273,1663
0127C1290,243,1908,2151
0127C1300,147,1198,1345
0127C1310,123,1079,1202
0127C1320,552,1518,2070
0127C1330,149,1401,1550
0127C1340,287,1896,2183
0127C1350,358,2948,3306
0127C1360,192,1791,1983
0127C1370,270,1669,1939
0127C1380,107,958,1065
0127C1390,151,1212,1363
0127C1400,251,1866,2117
0127C1410,210,1776,1986
0127C1420,114,1778,1892
0127C1430,391,1660,2051
0127C1440,142,2152,2294
0127C1450,298,1009,1307
0127C1460,379,1241,1620
0127C1470,194,1745,1939
0127C1480,471,1003,1474
0128A0010,1662,400,2062
0128C1010,2307,524,2831
0128C1020,1336,478,1814
0128C1030,1200,1074,2274
0128C1040,1284,721,2005
0128C1050,1234,669,1903
0128C1060,1058,922,1980
0128C1070,1514,969,2483
0136A0010,661,86,747
0136A0020,1870,347,2217
0136A0030,1049,210,1259
0136B2010,1739,175,1914
0136C1010,1166,319,1485
0136C1020,1266,356,1622
0136C1030,1591,744,2335
0136C1040,2300,615,2915
0136C1050,1281,1012,2293
0136C1060,1393,315,1708
0136C1070,985,1088,2073
0136C1080,1794,653,2447
0136C1090,461,1733,2194
0136C1100,443,2196,2639
0136C1110,1399,1031,2430
0136C1120,397,1895,2292
0136C1130,346,1616,1962
0136C1140,627,615,1242
0136C1150,688,732,1420
0136C1160,1311,738,2049
0136C1170,1295,1427,2722
0136C1180,791,1186,1977
0136C1190,604,749,1353
0136C1200,895,1230,2125
0136C1210,714,625,1339
0136C1220,748,740,1488
0136C1230,853,1361,2214
0136C1240,521,1195,1716
0136C1250,1272,980,2252
0136C1260,526,1352,1878
0136C1270,562,1042,1604
0136C1280,439,781,1220
0136C1290,866,687,1553
0136C1300,1417,293,1710
0136C1310,3445,1867,5312
0136C1320,1209,821,2030
0136C1330,1208,399,1607
0136C1340,2347,1491,3838
0136C1350,1142,253,1395
0136C1360,1675,444,2119
0136C1370,1545,390,1935
0136C1380,1560,289,1849
0136C1390,1623,531,2154
0136C1400,1758,617,2375
0136C1410,879,167,1046
0136C1420,1345,215,1560
0136C1430,1750,333,2083
0136C1440,1596,286,1882
0136C1450,1610,494,2104
0138A0010,1199,209,1408
0138C1010,1484,312,1796
0138C1020,1827,263,2090
0138C1030,1436,298,1734
0138C1040,2077,427,2504
0138C1050,1490,373,1863
0138C1060,1626,306,1932
0138C1070,1725,297,2022
0138C1080,1648,634,2282
0138C1090,1741,522,2263
0138C1100,1375,233,1608
0138C1110,1869,346,2215
0138C1120,958,1459,2417
0138C1130,1025,1045,2070
0138C1140,1427,292,1719
0138C1150,1617,969,2586
0138C1160,1354,514,1868
0138C1170,2147,937,3084
0138C1180,977,293,1270
0138C1190,1077,136,1213
0138C1200,1184,612,1796
0138C1210,1424,534,1958
0138C1220,1140,150,1290
0138C1230,1515,288,1803
0138C1240,1432,181,1613
0138C1250,707,103,810
0139A0010,1706,1564,3270
0139A0020,1430,311,1741
0139B2010,998,708,1706
0139B2020,611,1556,2167
0139B2030,297,685,982
0139B2040,1051,1245,2296
0139B2050,572,1048,1620
0139B2060,640,532,1172
0139C1010,1811,1091,2902
0139C1020,915,951,1866
0139C1030,1911,585,2496
0139C1040,1295,932,2227
0139C1050,1899,1489,3388
0139C1060,1285,777,2062
0139C1070,1347,611,1958
0140A0010,1040,248,1288
0140A0020,1452,331,1783
0140C1010,2128,652,2780
0140C1020,2034,581,2615
0140C1030,1698,339,2037
0140C1040,959,202,1161
0160C1010,1683,231,1914
0160C1020,1295,197,1492
0160C1030,1372,274,1646
0160C1040,1555,312,1867
0160C1050,1871,721,2592
0160C1060,1371,381,1752
0160C1070,1487,267,1754
0160C1080,943,406,1349
0160C1090,1409,906,2315
0160C1100,766,526,1292
0160C1110,1273,209,1482
0160C1120,1578,277,1855
0160C1130,1009,230,1239
0160C1140,2643,1370,4013
0160C1150,1730,868,2598
0160C1160,1515,910,2425
0160C1170,1851,396,2247
0160C1180,1129,240,1369
0160C1190,997,275,1272
0160C1200,1072,787,1859
0160C1210,2061,516,2577
0160C1220,1296,765,2061
0160C1230,1317,614,1931
0160C1240,1632,325,1957
0160C1250,1566,391,1957
0160C1260,1560,495,2055
0160C1270,1450,394,1844
0160C1280,1391,354,1745
0160C1290,732,679,1411
0160C1300,1897,542,2439
0160C1310,1154,284,1438
0160C1320,1565,394,1959
0160C1330,1246,295,1541
0160C1340,2368,1298,3666
0160C1350,1335,364,1699
0160C1360,1686,427,2113
0160C1370,1994,434,2428
0160C1380,1629,355,1984
0162C1010,1447,375,1822
0162C1020,1392,306,1698
0162C1030,1151,231,1382
0162C1040,943,524,1467
0162C1050,1346,331,1677
0162C1060,752,295,1047
0162C1070,1285,289,1574
0162C1080,1128,252,1380
0162C1090,1152,477,1629
0162C1100,1172,413,1585
0162C1110,1503,344,1847
0162C1120,1285,283,1568
0162C1130,1497,288,1785
0162C1140,1462,700,2162
0162C1150,1200,258,1458
0162C1160,1249,386,1635
0162C1170,1262,311,1573
0162C1180,1509,342,1851
0162C1190,1489,262,1751
0162C1200,1538,263,1801
0163C1010,2180,963,3143
0163C1020,1702,432,2134
0163C1030,489,1261,1750
0163C1040,1369,745,2114
0163C1050,1630,314,1944
0163C1060,1498,554,2052
0163C1070,1225,840,2065
0163C1080,1212,172,1384
0163C1090,201,928,1129
0163C1100,477,1427,1904
0163C1110,1284,627,1911
0163C1120,222,1520,1742
0163C1130,1046,364,1410
0163C1140,1985,614,2599
0163C1150,1183,779,1962
0163C1160,945,925,1870
0163C1170,1081,615,1696
0163C1180,907,970,1877
0163C1190,1216,396,1612
0163C1200,1476,388,1864
0163C1210,1442,730,2172
0163C1220,1371,1020,2391
0163C1230,993,419,1412
0163C1240,1504,693,2197
0163C1250,659,1206,1865
0163C1260,732,1245,1977
0163C1270,1001,1001,2002
0163C1280,1457,322,1779
0163C1290,1725,825,2550
0163C1300,1567,433,2000
0163C1310,2272,1219,3491
0163C1320,1247,372,1619
0163C1330,1217,408,1625
0163C1340,1632,437,2069
0163C1350,656,949,1605
0163C1360,1252,360,1612
0163C1370,939,645,1584
0163C1380,1554,316,1870
0163C1390,458,493,951
0163C1400,601,703,1304
0180C1010,850,996,1846
0180C1020,930,892,1822
0180C1030,1490,402,1892
0180C1040,1247,1186,2433
0180C1050,1699,930,2629
0180C1060,1192,822,2014
0180C1070,622,758,1380
0180C1080,853,713,1566
0180C1090,705,895,1600
0180C1100,1634,1141,2775
0180C1110,1645,563,2208
0180C1120,512,930,1442
0180C1130,812,623,1435
0180C1140,524,1075,1599
0180C1150,655,777,1432
0180C1160,459,1263,1722
0180C1170,1764,429,2193
0180C1180,1200,471,1671
0180C1190,1110,826,1936
0180C1200,439,1103,1542
0180C1210,1236,720,1956
0180C1220,1549,806,2355
0180C1230,492,1521,2013
0180C1240,2611,1026,3637
0180C1250,1620,983,2603
0180C1260,1098,548,1646
0180C1270,1408,271,1679
0180C1280,599,1181,1780
0180C1290,1454,598,2052
0180C1300,353,1025,1378
0180C1310,1361,553,1914
0180C1320,1222,983,2205
0180C1330,492,1487,1979
0180C1340,535,1479,2014
0180C1350,1212,882,2094
0180C1360,709,1225,1934
0180C1370,1112,953,2065
0180C1380,678,1124,1802
0180C1390,1399,496,1895
0180C1400,1484,481,1965
0180C1410,1535,524,2059
0180C1420,1020,265,1285
0180C1430,1341,217,1558
0180C1440,1169,660,1829
0180C1450,1272,1127,2399
0180C1460,1183,919,2102
0180C1470,1050,864,1914
0180C1480,979,604,1583
0180C1490,337,1254,1591
0180C1500,748,1345,2093
0180C1510,832,928,1760
0180C1520,879,861,1740
0180C1530,1331,700,2031
0180C1540,921,524,1445
0180C1550,1682,339,2021
0180C1560,325,1698,2023
0180C1570,1460,434,1894
0180C1580,1139,445,1584
0180C1590,503,2194,2697
0180C1600,971,810,1781
0180C1610,1455,666,2121
0180C1620,1311,183,1494
0180C1630,1416,202,1618
0180C1640,1206,396,1602
0180C1650,1714,264,1978
0180C1660,258,1274,1532
0180C1670,1638,243,1881
0180C1680,138,1568,1706
0180C1690,629,1013,1642
0180C1700,1777,247,2024
0180C1710,1553,522,2075
0180C1720,367,1461,1828
0180C1730,683,1104,1787
0180C1740,1216,266,1482
0180C1750,1130,406,1536
0180C1760,984,323,1307
0180C1770,1441,512,1953
0180C1780,250,1551,1801
0180C1790,1621,405,2026
0180C1800,1042,367,1409
0180C1810,1375,121,1496
0180C1820,1836,381,2217
0180C1830,1807,321,2128
0180C1840,1332,485,1817
0180C1850,1123,289,1412
0180C1860,487,1848,2335
0180C1870,1955,1886,3841
0180C1880,1460,575,2035
0180C1890,1513,227,1740
0180C1900,1047,519,1566
0180C1910,516,1202,1718
0180C1920,1385,509,1894
0180C1930,2163,562,2725
0180C1940,1617,577,2194
0180C1950,1356,606,1962
0180C1960,1084,203,1287
0180C1970,1234,203,1437
0180C1980,1197,613,1810
0180C1990,1218,265,1483
0180C2000,1075,406,1481
0180C2010,678,1323,2001
0180C2020,834,526,1360
0180C2030,1542,945,2487
0180C2040,597,879,1476
0180C2050,1467,399,1866
0180C2060,484,1386,1870
0180C2070,1131,889,2020
0180C2080,1298,388,1686
0180C2090,1399,550,1949
0180C2100,1196,250,1446
0180C2110,2156,1312,3468
0180C2120,1532,192,1724
0180C2130,1609,363,1972
0180C2140,1306,799,2105
0180C2150,775,1561,2336
0180C2160,481,1294,1775
0180C2170,1097,262,1359
0180C2180,1297,729,2026
0180C2190,1400,257,1657
0180C2200,920,569,1489
0180C2210,734,723,1457
0180C2220,881,1148,2029
0180C2230,1127,318,1445
0180C2240,1548,363,1911
0180C2250,542,1875,2417
0180C2260,863,677,1540
0180C2270,1310,477,1787
0180C2280,1163,802,1965
0180C2290,1168,1031,2199
0180C2300,1816,566,2382
0180C2310,1384,745,2129
0180C2320,1555,438,1993
0180C2330,1477,577,2054
0180C2340,526,1577,2103
0180C2350,1506,469,1975
0180C2360,1143,435,1578
0180C2370,1267,351,1618
0180C2380,1230,334,1564
0180C2390,1290,405,1695
0180C2400,1175,492,1667
0180C2410,1377,314,1691
0180C2420,1352,424,1776
0180C2430,2214,841,3055
0180C2440,1713,549,2262
0180C2450,1079,570,1649
0180C2460,1773,562,2335
0180C2470,1016,621,1637
0180C2480,1304,561,1865
0180C2490,1391,304,1695
0180C2500,584,1276,1860
0180C2510,1606,514,2120
0180C2520,978,381,1359
0180C2530,1479,458,1937
0180C2540,1689,460,2149
0180C2550,733,1173,1906
0180C2560,1316,322,1638
0180C2570,1486,664,2150
0180C2580,1728,292,2020
0180C2590,1534,421,1955
0180C2600,1366,263,1629
0180C2610,1546,408,1954
0180C2620,2143,698,2841
0180C2630,1216,398,1614
0180C2640,1449,300,1749
0180C2650,1117,352,1469
0180C2660,1186,300,1486
0180C2670,1292,355,1647
0180C2680,1369,451,1820
0180C2690,1205,459,1664
0180C2700,1706,361,2067
0180C2710,1634,403,2037
0180C2720,1245,354,1599
0180C2730,1365,475,1840
0180C2740,1398,390,1788
0180C2750,1442,370,1812
0180C2760,1087,402,1489
0180C2770,1506,402,1908
0180C2780,2478,861,3339
0180C2790,1374,568,1942
0180C2800,1545,420,1965
0180C2810,1519,577,2096
0180C2820,899,261,1160
0180C2830,1239,313,1552
0180C2840,1474,466,1940
0180C2850,1072,447,1519
0180C2860,1621,493,2114
0180C2870,1084,270,1354
0180C2880,2378,688,3066
0180C2890,1306,304,1610
0180C2900,1713,423,2136
0180C2910,1305,307,1612
0180C2920,1360,456,1816
0180C2930,1342,406,1748
0180C2940,1616,367,1983
0180C2950,3247,1573,4820
0180C2960,1626,498,2124
0180C2970,1337,469,1806
0180C2980,1008,298,1306
0180C2990,608,600,1208
0180C3000,1223,360,1583
0180C3010,620,648,1268
0180C3020,1032,272,1304
0180C3030,974,297,1271
0180C3040,1311,235,1546
0180C3050,1370,423,1793
0180C3060,813,429,1242
0180C3070,1447,479,1926
0180C3080,971,326,1297
0180C3090,1019,353,1372
0180C3100,1994,582,2576
0180C3110,1086,426,1512
0180C3120,1207,522,1729
0180C3130,1190,307,1497
0180C3140,1415,361,1776
0180C3150,1104,273,1377
0180C3160,1482,469,1951
0180C3170,1289,302,1591
0180C3180,1496,380,1876
0180C3190,1571,398,1969
0180C3200,1613,361,1974
0180C3210,1169,293,1462
0180C3220,1465,283,1748
0180C3230,1226,464,1690
0180C3240,1486,253,1739
0180C3250,1506,346,1852
0180C3260,1373,741,2114
0180C3270,1308,437,1745
0180C3280,1124,284,1408
0180C3290,1185,330,1515
0180C3300,1485,467,1952
0180C3310,1120,420,1540
0180C3320,1591,482,2073
0180C3330,1646,658,2304
0180C3340,1328,454,1782
0180C3350,1446,452,1898
0180C3360,1602,393,1995
0180C3370,1618,434,2052
0180C3380,1049,251,1300
0180C3390,1379,269,1648
0180C3400,1399,462,1861
0180C3410,1110,166,1276
0180C3420,920,419,1339
0180C3430,1352,321,1673
0180C3440,1278,337,1615
0180C3450,1585,315,1900
0180C3460,1205,371,1576
0180C3470,1047,263,1310
0180C3480,1775,561,2336
0180C3490,1178,255,1433
0180C3500,1078,242,1320
0180C3510,1595,282,1877
0180C3520,1449,391,1840
0180C3530,1220,219,1439
0180C3540,1203,289,1492
0180C3550,1403,329,1732
0180C3560,1088,332,1420
0180C3570,1234,364,1598
0180C3580,1415,494,1909
0180C3590,1269,229,1498
0180C3600,1184,307,1491
0180C3610,1383,138,1521
0180C3620,1504,341,1845
0180C3630,1093,263,1356
0180C3640,1247,294,1541
0180C3650,1471,310,1781
0180C3660,834,244,1078
0180C3670,1025,308,1333
0180C3680,1133,271,1404
0180C3690,1334,303,1637
0180C3700,1154,266,1420
0180C3710,1037,209,1246
0180C3720,1144,162,1306
0180C3730,1111,310,1421
0180C3740,1183,281,1464
0180C3750,1335,385,1720
0180C3760,1249,164,1413
0180C3770,1051,216,1267
0180C3780,864,157,1021
0180C3790,1202,303,1505
0180C3800,1141,224,1365
0180C3810,1120,282,1402
0180C3820,1268,295,1563
0180C3830,1408,309,1717
0180C3840,1576,180,1756
0180C3850,1468,194,1662
0180C3860,1203,329,1532
0180C3870,1271,413,1684
0180C3880,1284,353,1637
0180C3890,1148,374,1522
0180C3900,1188,285,1473
0180C3910,1703,304,2007
0180C3920,678,137,815
0180C3930,1149,269,1418
0180C3940,1193,323,1516
0180C3950,1000,256,1256
0180C3960,974,265,1239
0180C3970,1179,293,1472
0180C3980,1228,321,1549
0180C3990,1168,274,1442
0180C4000,1419,162,1581
0180C4010,1131,275,1406
0180C4020,1242,356,1598
0180C4030,1112,247,1359
0180C4040,1403,761,2164
0180C4050,1320,488,1808
0180C4060,1863,414,2277
0180C4070,1212,191,1403
0180C4080,1220,365,1585
0180C4090,1088,284,1372
0180C4100,1088,248,1336
0180C4110,1516,259,1775
0180C4120,1211,287,1498
0180C4130,1115,329,1444
0180C4140,1515,360,1875
0180C4150,1242,342,1584
0180C4160,1111,279,1390
0180C4170,1128,476,1604
0180C4180,1525,422,1947
0180C4190,1167,343,1510
0180C4200,1519,184,1703
0180C4210,1295,340,1635
0180C4220,1319,425,1744
0180C4230,1175,316,1491
0180C4240,1229,499,1728
0180C4250,1214,363,1577
0180C4260,1223,602,1825
0180C4270,731,345,1076
0180C4280,1568,534,2102
0180C4290,1549,345,1894
0180C4300,1338,396,1734
0180C4310,1438,404,1842
0180C4320,1097,580,1677
0180C4330,1155,395,1550
0180C4340,1155,321,1476
0180C4350,1088,317,1405
0180C4360,1352,504,1856
0180C4370,1250,333,1583
0180C4380,1453,327,1780
0180C4390,901,202,1103
0180C4400,1087,383,1470
0180C4410,1264,419,1683
0180C4420,1045,258,1303
0180C4430,956,312,1268
0180C4440,1216,347,1563
0180C4450,1453,325,1778
0180C4460,1756,777,2533
0180C4470,1016,648,1664
0180C4480,1141,347,1488
0180C4490,1270,488,1758
0180C4500,1035,370,1405
0180C4510,1533,153,1686
0180C4520,1335,763,2098
0180C4530,1741,790,2531
0180C4540,1082,280,1362
0180C4550,939,357,1296
0180C4560,1363,343,1706
0180C4570,987,284,1271
0180C4580,1661,545,2206
0180C4590,1122,319,1441
0180C4600,1322,496,1818
0180C4610,1390,329,1719
0180C4620,1102,464,1566
0180C4630,1392,449,1841
0180C4640,1611,279,1890
0180C4650,1186,316,1502
0180C4660,1197,289,1486
0180C4670,1164,365,1529
0180C4680,1018,206,1224
0180C4690,1063,253,1316
0180C4700,2107,572,2679
0180C4710,1618,522,2140
0180C4720,1315,263,1578
0180C4730,1398,558,1956
0180C4740,1278,260,1538
0180C4750,1082,252,1334
0180C4760,959,271,1230
0180C4770,1436,402,1838
0180C4780,1272,294,1566
0180C4790,1281,270,1551
0180C4800,1264,310,1574
0180C4810,1094,183,1277
0180C4820,1336,347,1683
0180C4830,1275,387,1662
0180C4840,1204,516,1720
0180C4850,1337,225,1562
0180C4860,1627,345,1972
0180C4870,1484,310,1794
0180C4880,1223,307,1530
0180C4890,1009,241,1250
0180C4900,1264,365,1629
0180C4910,1339,310,1649
0180C4920,1391,291,1682
0180C4930,1613,369,1982
0180C4940,1427,821,2248
0180C4950,956,559,1515
0180C4960,1228,320,1548
0180C4970,1779,368,2147
0180C4980,860,176,1036
0180C4990,1298,364,1662
0180C5000,1241,355,1596
0180C5010,1463,363,1826
0180C5020,1619,414,2033
0180C5030,1276,553,1829
0180C5040,1606,420,2026
0180C5050,1771,416,2187
0180C5060,1643,617,2260
0180C5070,1090,148,1238
0180C5080,1404,261,1665
0180C5090,1448,508,1956
0180C5100,1614,338,1952
0180C5110,1434,302,1736
0180C5120,1393,358,1751
0180C5130,974,245,1219
0180C5140,1151,296,1447
0180C5150,1707,159,1866
0180C5160,1008,490,1498
0180C5170,905,236,1141
0180C5180,807,516,1323
0180C5190,850,400,1250
0180C5200,1234,240,1474
0180C5210,1978,621,2599
0180C5220,1477,556,2033
0180C5230,1500,469,1969
0180C5240,504,840,1344
0180C5250,1788,435,2223
0180C5260,3034,1413,4447
0180C5270,1442,408,1850
0180C5280,1118,309,1427
0180C5290,1206,272,1478
0180C5300,1553,484,2037
0180C5310,1568,415,1983
0180C5320,1021,494,1515
0180C5330,1237,502,1739
0180C5340,744,366,1110
0180C5350,1294,341,1635
0180C5360,1208,399,1607
0180C5370,1449,389,1838
0180C5380,1093,571,1664
0180C5390,1120,466,1586
0180C5400,1312,228,1540
0180C5410,576,1156,1732
0180C5420,1298,2048,3346
0180C5430,1068,2101,3169
0180C5440,925,706,1631
0180C5450,1125,884,2009
0180C5460,1002,175,1177
0180C5470,888,1000,1888
0180C5480,398,563,961
0180C5490,1935,861,2796
0180C5500,1219,454,1673
0180C5510,869,767,1636
0180C5520,737,198,935
0180C5530,2180,663,2843
0180C5540,1825,627,2452
0180C5550,846,309,1155
0180C5560,763,114,877
0180C5570,1177,357,1534
0180C5580,755,1351,2106
0180C5590,807,872,1679
0180C5600,1011,906,1917
0180C5610,589,1081,1670
0180C5620,1395,623,2018
0180C5630,914,1052,1966
0180C5640,858,328,1186
0180C5650,3326,860,4186
0180C5660,880,1369,2249
0180C5670,579,1563,2142
0180C5680,1269,1037,2306
0180C5690,2842,1154,3996
0180C5700,780,821,1601
0180C5710,537,1324,1861
0180C5720,818,742,1560
0180C5730,829,1302,2131
0180C5740,713,130,843
0180C5750,2089,1128,3217
0180C5760,585,1291,1876
0180C5770,1159,948,2107
0180C5780,692,990,1682
0180C5790,658,993,1651
0180C5800,1420,362,1782
0180C5810,1008,1344,2352
0180C5820,1812,513,2325
0180C5830,1538,654,2192
0180C5840,1109,439,1548
0180C5850,1600,595,2195
0180C5860,1701,958,2659
0180C5870,1014,568,1582
0180C5880,673,926,1599
0180C5890,1338,406,1744
0180C5900,496,2161,2657
0180C5910,1301,1397,2698
0180C5920,1364,555,1919
0180C5930,960,812,1772
0180C5940,627,636,1263
0180C5950,601,623,1224
0180C5960,1302,337,1639
0180C5970,1604,484,2088
0180C5980,416,1490,1906
0180C5990,1303,888,2191
0180C6000,968,971,1939
0180C6010,1208,548,1756
0180C6020,1682,681,2363
0180C6030,1698,439,2137
0180C6040,1025,914,1939
0180C6050,1501,627,2128
0180C6060,1470,1181,2651
0180C6070,167,2084,2251
0180C6080,729,884,1613
0180C6090,137,2197,2334
0180C6100,122,1580,1702
0180C6110,76,1823,1899
0180C6120,115,1625,1740
0180C6130,1121,795,1916
0180C6140,205,1601,1806
0180C6150,282,3094,3376
0180C6160,158,1625,1783
0180C6170,140,1839,1979
0180C6180,254,1908,2162
0180C6190,1517,626,2143
0180C6200,462,1330,1792
0180C6210,228,2325,2553
0180C6220,342,1662,2004
0180C6230,149,2160,2309
0180C6240,196,2126,2322
0180C6250,314,1305,1619
0180C6260,124,1974,2098
0180C6270,168,1824,1992
0180C6280,497,1547,2044
0180C6290,631,1471,2102
0180C6300,456,1522,1978
0180C6310,187,1532,1719
0180C6320,459,1542,2001
0180C6330,343,1515,1858
0180C6340,405,1174,1579
0180C6350,214,1991,2205
0180C6360,341,1578,1919
0180C6370,146,1477,1623
0180C6380,261,1958,2219
0180C6390,344,2048,2392
0180C6400,307,1957,2264
0180C6410,486,1143,1629
0180C6420,233,1739,1972
0180C6430,230,1629,1859
0180C6440,301,1924,2225
0181A0010,1062,247,1309
0181A0020,1487,358,1845
0181A0030,1847,761,2608
0181A0040,338,1526,1864
0181A0050,809,356,1165
0181A0060,1362,257,1619
0181B2010,1813,568,2381
0181B2020,1072,364,1436
0181B2030,1948,1144,3092
0181B2040,1171,264,1435
0181B4010,1282,506,1788
0181B5010,895,311,1206
0181C1010,1613,645,2258
0181C1020,1280,823,2103
0181C1030,198,1761,1959
0181C1040,902,1012,1914
0181C1050,138,1753,1891
0181C1060,98,1499,1597
0181C1070,704,1192,1896
0181C1080,461,1368,1829
0181C1090,981,1305,2286
0181C1100,627,1780,2407
0181C1110,753,848,1601
0181C1120,396,1161,1557
0181C1130,1033,760,1793
0181C1140,1151,639,1790
0181C1150,395,1851,2246
0181C1160,624,2394,3018
0181C1170,778,824,1602
0181C1180,1114,1035,2149
0181C1190,138,1557,1695
0181C1200,906,792,1698
0181C1210,293,1750,2043
0181C1220,383,2115,2498
0181C1230,472,534,1006
0181C1240,942,1178,2120
0181C1250,858,742,1600
0181C1260,214,1917,2131
0181C1270,218,2169,2387
0181C1280,1056,2427,3483
0181C1290,492,1788,2280
0181C1300,756,2470,3226
0181C1310,1260,1336,2596
0181C1320,78,2039,2117
0181C1330,684,730,1414
0181C1340,830,1114,1944
0181C1350,652,1020,1672
0181C1360,408,1270,1678
0181C1370,751,1430,2181
0181C1380,1111,1230,2341
0181C1390,1295,1377,2672
0182C1010,1979,323,2302
0182C1020,795,910,1705
0182C1030,2809,516,3325
0182C1040,983,770,1753
0182C1050,857,211,1068
0182C1060,1693,310,2003
0182C1070,1523,236,1759
0182C1080,1757,283,2040
0182C1090,1625,258,1883
0182C1100,573,238,811
0182C1110,1858,397,2255
0182C1120,636,1830,2466
0182C1130,409,347,756
0182C1140,344,1677,2021
0182C1150,675,2017,2692
0182C1160,1072,125,1197
0182C1170,1742,399,2141
0182C1180,1549,264,1813
0182C1190,1258,333,1591
0182C1200,1098,239,1337
0182C1210,1767,289,2056
0182C1220,1400,200,1600
0182C1230,2124,595,2719
0182C1240,1659,299,1958
0182C1250,1626,626,2252
0182C1260,927,793,1720
0182C1270,1673,229,1902
0182C1280,1725,622,2347
0182C1290,2794,711,3505
0182C1300,1048,787,1835
0182C1310,2059,468,2527
0182C1320,1623,640,2263
0182C1330,1672,356,2028
0182C1340,1592,243,1835
0182C1350,1859,569,2428
0182C1360,840,93,933
0182C1370,2084,614,2698
0182C1380,1029,515,1544
0182C1390,2103,782,2885
0182C1400,1570,653,2223
0182C1410,2332,1017,3349
0182C1420,2130,413,2543
0182C1430,655,154,809
0182C1440,1532,1286,2818
0182C1450,1836,380,2216
0182C1460,2386,329,2715
0182C1470,1694,402,2096
0182C1480,1308,456,1764
0182C1490,1401,1109,2510
0182C1500,1831,356,2187
0182C1510,2011,386,2397
0182C1520,1869,443,2312
0182C1530,1372,222,1594
0183C1010,2133,845,2978
0183C1020,1285,457,1742
0183C1030,1785,772,2557
0183C1040,1099,498,1597
0183C1050,1743,772,2515
0183C1060,1193,396,1589
0183C1070,1244,406,1650
0183C1080,1610,537,2147
0183C1090,1147,361,1508
0183C1100,938,391,1329
0183C1110,1174,455,1629
0183C1120,1117,692,1809
0183C1130,1257,412,1669
0183C1140,1006,256,1262
0183C1150,985,1472,2457
0183C1160,903,1856,2759
0183C1170,321,1362,1683
0183C1180,1074,1211,2285
0183C1190,559,1858,2417
0183C1200,354,1785,2139
0183C1210,646,1211,1857
0183C1220,473,1370,1843
0183C1230,624,1168,1792
0183C1240,2036,1727,3763
0183C1250,818,1117,1935
0183C1260,2067,1092,3159
0184C1010,901,657,1558
0184C1020,963,677,1640
0184C1030,878,1768,2646
0184C1040,1191,721,1912
0184C1050,1569,1908,3477
0184C1060,1065,862,1927
0184C1070,896,757,1653
0184C1080,1144,778,1922
0184C1090,1164,1374,2538
0184C1100,1045,726,1771
0184C1110,1013,800,1813
0184C1120,1277,798,2075
0184C1130,627,1309,1936
0184C1140,1168,514,1682
0184C1150,847,570,1417
0184C1160,1173,673,1846
0184C1170,1027,923,1950
0184C1180,645,754,1399
0184C1190,1203,667,1870
0184C1200,550,1449,1999
0184C1210,966,859,1825
0184C1220,1435,744,2179
0184C1230,1817,932,2749
0184C1240,1366,509,1875
0184C1250,949,465,1414
0184C1260,1619,589,2208
0184C1270,1407,1239,2646
0184C1280,1564,658,2222
0184C1290,1301,445,1746
0184C1300,1286,739,2025
0184C1310,1605,1343,2948
0184C1320,728,585,1313
0184C1330,1419,799,2218
0184C1340,853,412,1265
0184C1350,842,1182,2024
0184C1360,1196,650,1846
0184C1370,962,782,1744
0184C1380,831,643,1474
0184C1390,1351,1446,2797
0184C1400,638,1294,1932
0184C1410,1335,1260,2595
0184C1420,993,507,1500
0184C1430,1264,610,1874
0186C1010,2123,647,2770
0186C1020,1802,363,2165
0186C1030,1081,651,1732
0186C1040,955,334,1289
0186C1050,1243,871,2114
0186C1060,1110,204,1314
0186C1070,1654,350,2004
0186C1080,1152,383,1535
0186C1090,1801,438,2239
0186C1100,1208,444,1652
0186C1110,745,911,1656
0186C1120,758,960,1718
0186C1130,1880,374,2254
0186C1140,1273,357,1630
0186C1150,1689,334,2023
0186C1160,1551,285,1836
0186C1170,1756,299,2055
0186C1180,1268,379,1647
0186C1190,1584,302,1886
0186C1200,1488,185,1673
0186C1210,1140,345,1485
0186C1220,1552,354,1906
0186C1230,1581,177,1758
0186C1240,1531,272,1803
0186C1250,1815,383,2198
0186C1260,1754,336,2090
0187A0010,1719,511,2230
0187C1010,1426,187,1613
0187C1020,1578,264,1842
0187C1030,1638,222,1860
0187C1040,913,94,1007
0187C1050,1505,181,1686
0187C1060,1513,148,1661
0188A0010,1069,78,1147
0188A0020,1293,281,1574
0188A0030,1559,195,1754
0188A0040,2059,311,2370
0188A0050,1198,136,1334
0188A0060,2027,225,2252
0188A0070,1329,256,1585
0188A0080,1087,304,1391
0188A0090,1093,150,1243
0188A0100,961,272,1233
0188A0110,1104,72,1176
0188A0120,1457,144,1601
0188A0130,1065,126,1191
0188A0140,1563,178,1741
0188A0150,1020,181,1201
0188A0160,1489,227,1716
0188A0170,1073,134,1207
0188A0180,1639,174,1813
0188A0190,1076,187,1263
0188B2010,1222,423,1645
0188B2020,1294,398,1692
0188B2030,1538,643,2181
0188B3010,1222,206,1428
0188B3020,905,356,1261
0188B3030,1235,790,2025
0188B4010,1336,323,1659
0188B5010,1313,203,1516
0188C1010,1946,566,2512
0188C1020,1163,487,1650
0188C1030,1589,188,1777
0188C1040,1704,301,2005
0188C1050,1598,374,1972
0188C1060,3080,619,3699
0188C1070,981,268,1249
0188C1080,1771,408,2179
0188C1090,1188,540,1728
0188C1100,1930,313,2243
0188C1110,2099,275,2374
0191A0010,1176,540,1716
0191A0020,1509,412,1921
0191A0030,1323,312,1635
0191A0040,1081,213,1294
0191B2010,1585,787,2372
0191B2020,1027,231,1258
0191B2030,2014,873,2887
0191B2040,1821,402,2223
0191B2050,1133,587,1720
0191B3010,1435,502,1937
0191C1010,1084,1354,2438
0191C1020,435,2256,2691
0191C1030,218,2022,2240
0191C1040,427,1769,2196
0191C1050,436,2027,2463
0191C1060,1063,1654,2717
0191C1070,467,1691,2158
0191C1080,1805,1845,3650
0191C1090,956,1451,2407
0191C1100,849,901,1750
0191C1110,776,1059,1835
0191C1120,1194,1106,2300
0191C1130,697,1454,2151
0191C1140,1352,565,1917
0192A0010,1460,255,1715
0192A0020,1978,410,2388
0192A0030,1448,226,1674
0192A0040,1907,371,2278
0192B2010,1493,951,2444
0192B2020,1257,627,1884
0192B3010,1187,196,1383
0192C1010,995,225,1220
0192C1020,1151,253,1404
0192C1030,1213,342,1555
0192C1040,1582,467,2049
0192C1050,804,453,1257
0192C1060,1656,418,2074
0192C1070,928,1451,2379
0192C1080,975,203,1178
0192C1090,1183,838,2021
0192C1100,960,180,1140
0305A0010,2275,550,2825
0305B2010,1670,535,2205
0305C1010,2622,507,3129
0305C1020,1145,386,1531
0305C1030,2396,597,2993
0305C1040,1111,795,1906
0305C1050,1969,448,2417
0305C1060,1960,701,2661
0305C1070,1338,295,1633
0305C1080,1201,264,1465
0319A0010,1393,219,1612
0319B2010,1447,172,1619
0319C1010,1563,229,1792
0319C1020,1732,801,2533
0319C1030,1640,429,2069
0330A0010,1526,251,1777
0330A0020,2081,345,2426
0330A0030,1047,138,1185
0330C1010,1436,654,2090
0330C1020,1798,403,2201
0330C1030,2340,1020,3360
0330C1040,1602,223,1825
0330C1050,1216,273,1489
0330C1060,1243,266,1509
0330C1070,1787,484,2271
0331A0010,993,159,1152
0331A0020,1603,214,1817
0331A0030,1540,205,1745
0331A0040,738,100,838
0331A0050,919,70,989
0331B2010,1746,256,2002
0331B3010,1126,460,1586
0331B4010,1101,196,1297
0331C1010,1266,461,1727
0331C1020,1026,242,1268
0360A0010,952,75,1027
0360A0020,1199,102,1301
0360A0030,1169,244,1413
0360A0040,1685,180,1865
0360A0050,1603,157,1760
0360A0060,1047,77,1124
0360A0070,924,71,995
0360B2010,2128,358,2486
0360B3010,1071,571,1642
0360B4010,1127,210,1337
0360C1010,1924,1033,2957
0360C1020,1636,321,1957
0360C1030,1323,219,1542
0380A0010,1562,282,1844
0380A0020,2273,383,2656
0380A0030,2059,466,2525
0380A0040,2017,277,2294
0380A0050,1730,269,1999
0380A0060,1848,237,2085
0380A0070,1256,162,1418
0380A0080,1672,538,2210
0380A0090,1116,225,1341
0380A0100,1195,102,1297
0380A0110,1052,102,1154
0380A0120,2278,184,2462
0380A0130,1504,191,1695
0380A0140,1557,161,1718
0380A0150,2545,305,2850
0380A0160,2237,315,2552
0380B2010,1355,438,1793
0380B2020,994,119,1113
0380B2030,1593,185,1778
0380B2040,1448,252,1700
0380B3010,1354,102,1456
0380B3020,993,135,1128
0380B3030,1197,269,1466
0380B4010,1539,230,1769
0380B4020,1611,125,1736
0380B5010,2611,543,3154
0380B6010,2074,862,2936
0380B7010,1343,101,1444
0380B8010,1107,222,1329
0380C1010,945,142,1087
0380C1020,1240,215,1455
0380C1030,1363,316,1679
0380C1040,1331,298,1629
0380C1050,1708,366,2074
0380C1060,923,595,1518
0380C1070,541,994,1535
0380C1080,564,494,1058
0380C1090,441,540,981
0380C1100,328,997,1325
0380C1110,599,1010,1609
0380C1120,760,138,898
0380C1130,255,1061,1316
0380C1140,693,947,1640
0380C1150,393,1526,1919
0380C1160,136,1768,1904
0380C1170,644,477,1121
0380C1180,488,941,1429
0380C1190,819,518,1337
0380C1200,908,274,1182
0380C1210,1803,1772,3575
0380C1220,1197,203,1400
0380C1230,1272,304,1576
0380C1240,1199,201,1400
0380C1250,1270,353,1623
0380C1260,2042,897,2939
0380C1270,768,122,890
0380C1280,967,142,1109
0380C1290,1185,301,1486
0380C1300,728,353,1081
0380C1310,684,751,1435
0380C1320,1148,446,1594
0380C1330,2175,1112,3287
0380C1340,956,450,1406
0380C1350,2670,1431,4101
0380C1360,1270,273,1543
0380C1370,518,823,1341
0380C1380,820,362,1182
0380C1390,1277,268,1545
0380C1400,1716,646,2362
0380C1410,824,466,1290
0380C1420,861,609,1470
0380C1430,379,873,1252
0380C1440,733,103,836
0380C1450,937,207,1144
0380C1460,91,1042,1133
0380C1470,1074,1237,2311
0380C1480,3620,1438,5058
0380C1490,1356,463,1819
0380C1500,510,694,1204
0380C1510,981,198,1179
0380C1520,1186,470,1656
0380C1530,973,350,1323
0380C1540,1000,326,1326
0380C1550,1020,413,1433
0380C1560,1402,360,1762
0380C1570,540,280,820
0380C1580,871,344,1215
0380C1590,1104,393,1497
0380C1600,1193,304,1497
0380C1610,783,463,1246
0380C1620,1014,158,1172
0380C1630,1492,731,2223
0380C1640,1088,194,1282
0380C1650,1013,181,1194
0380C1660,1110,179,1289
0380C1670,934,238,1172
0380C1680,1166,246,1412
0380C1690,588,187,775
0380C1700,1186,171,1357
0380C1710,1166,185,1351
0380C1720,1129,337,1466
0380C1730,934,243,1177
0380C1740,1317,219,1536
0380C1750,935,364,1299
0380C1760,1586,390,1976
0380C1770,671,184,855
0380C1780,975,240,1215
0380C1790,1476,222,1698
0380C1800,1564,458,2022
0380C1810,1104,368,1472
0380C1820,1034,215,1249
0380C1830,1436,597,2033
0380C1840,1518,481,1999
0380C1850,509,314,823
0380C1860,1287,421,1708
0380C1870,861,334,1195
0380C1880,705,942,1647
0380C1890,1166,337,1503
0380C1900,945,1486,2431
0380C1910,708,125,833
0380C1920,941,402,1343
0380C1930,622,314,936
0380C1940,1701,1296,2997
0380C1950,708,246,954
0380C1960,767,588,1355
0380C1970,886,722,1608
0380C1980,1240,208,1448
0380C1990,734,107,841
0380C2000,1208,271,1479
0380C2010,967,1159,2126
0380C2020,1511,607,2118
0380C2030,1053,282,1335
0380C2040,552,1943,2495
0380C2050,976,187,1163
0380C2060,1197,158,1355
0380C2070,789,197,986
0380C2080,583,796,1379
0380C2090,1316,499,1815
0380C2100,545,1970,2515
0380C2110,1233,330,1563
0380C2120,418,457,875
0380C2130,744,298,1042
0380C2140,1178,1102,2280
0380C2150,728,911,1639
0380C2160,772,413,1185
0380C2170,911,94,1005
0380C2180,907,539,1446
0380C2190,771,198,969
0380C2200,1178,839,2017
0380C2210,1224,339,1563
0381A0010,2126,293,2419
0381A0020,1007,120,1127
0381A0030,821,109,930
0381A0040,884,117,1001
0381A0050,1815,259,2074
0381A0060,1271,146,1417
0381A0070,2220,244,2464
0381A0080,1562,151,1713
0381A0090,1667,285,1952
0381B2010,1768,241,2009
0381B3010,1869,318,2187
0381B4010,983,231,1214
0381B5010,791,189,980
0381C1010,1711,254,1965
0381C1020,1981,354,2335
0381C1030,1803,346,2149
0381C1040,2130,525,2655
0381C1050,1753,1101,2854
0381C1060,1477,385,1862
0381C1070,974,1352,2326
0381C1080,1807,487,2294
0381C1090,1437,553,1990
0381C1100,1050,791,1841
0381C1110,1047,752,1799
0381C1120,1033,1258,2291
0382A0010,1792,119,1911
0382A0020,1263,139,1402
0382A0030,1041,92,1133
0382A0040,1275,141,1416
0382A0050,1444,100,1544
0382B2010,823,192,1015
0382B2020,1273,555,1828
0382B3010,1553,119,1672
0382B3020,991,97,1088
0382B4010,1101,190,1291
0382B4020,1081,255,1336
0382B5010,1490,136,1626
0382C1010,1775,385,2160
0382C1020,1306,154,1460
0382C1030,1303,159,1462
0428A0010,1062,141,1203
0428A0020,1190,130,1320
0428A0030,1656,175,1831
0428C1010,823,89,912
0428C1020,866,611,1477
0428C1030,1788,450,2238
0461A0010,884,139,1023
0461A0020,1228,201,1429
0461A0030,724,190,914
0461A0040,1425,229,1654
0461C1010,1571,528,2099
0461C1020,1472,344,1816
0461C1030,786,95,881
0461C1040,1519,277,1796
0480A0010,749,61,810
0480A0020,1112,96,1208
0480A0030,1341,166,1507
0480A0040,1190,126,1316
0480A0050,1220,93,1313
0480A0060,967,126,1093
0480A0070,1890,376,2266
0480A0080,1678,207,1885
0480A0090,1304,137,1441
0480B2010,1022,168,1190
0480B2020,1116,190,1306
0480B3010,1849,146,1995
0480B4010,833,121,954
0480C1010,2331,1083,3414
0480C1020,1208,291,1499
0480C1030,972,191,1163
0480C1040,2050,391,2441
0480C1050,1478,456,1934
0480C1060,2197,751,2948
0480C1070,1804,473,2277
0480C1080,1144,235,1379
0480C1090,2039,259,2298
0480C1100,1388,245,1633
0480C1110,1773,416,2189
0480C1120,1392,761,2153
0480C1130,1343,317,1660
0480C1140,1742,684,2426
0480C1150,826,1586,2412
0480C1160,723,1706,2429
0480C1170,703,267,970
0480C1180,1544,216,1760
0480C1190,2346,406,2752
0481C1010,1647,359,2006
0481C1020,1107,940,2047
0481C1030,1426,269,1695
0481C1040,850,896,1746
0481C1050,889,501,1390
0481C1060,1406,285,1691
0481C1070,1331,180,1511
0482A0010,1392,221,1613
0482A0020,1457,243,1700
0482A0030,1500,144,1644
0482B2010,1563,567,2130
0482B3010,1047,585,1632
0482C1010,657,359,1016
0482C1020,715,1649,2364
0482C1030,804,456,1260
0482C1040,1464,427,1891
0482C1050,697,111,808
0483A0010,1331,130,1461
0483A0020,1557,163,1720
0483A0030,869,55,924
0483A0040,1581,208,1789
0483A0050,1506,153,1659
0483A0060,1158,130,1288
0483B2010,1207,262,1469
0483C1010,955,136,1091
0483C1020,962,599,1561
0483C1030,1293,427,1720
0483C1040,1521,286,1807
0483C1050,646,979,1625
0483C1060,2012,311,2323
0483C1070,870,157,1027
0483C1080,1633,620,2253
0483C1090,833,975,1808
0483C1100,1122,652,1774
0483C1110,1473,868,2341
0483C1120,885,649,1534
0483C1130,970,794,1764
0483C1140,1063,603,1666
0484A0010,1454,179,1633
0484A0020,834,90,924
0484A0030,1446,118,1564
0484A0040,1139,228,1367
0484A0050,1992,217,2209
0484A0060,2202,360,2562
0484A0070,1319,129,1448
0484B2010,1332,200,1532
0484B3010,1174,138,1312
0484B4010,1079,161,1240
0484B5010,742,193,935
0484C1010,1139,217,1356
0484C1020,1377,269,1646
0484C1030,2170,559,2729
0484C1040,1325,536,1861
0484C1050,369,1629,1998
0484C1060,1185,464,1649
0484C1070,925,1130,2055
0484C1080,268,1343,1611
0484C1090,499,1698,2197
0484C1100,175,1221,1396
0484C1110,660,1499,2159
0484C1120,882,631,1513
0484C1130,1326,532,1858
0484C1140,846,895,1741
0484C1150,1055,386,1441
0484C1160,1573,412,1985
0484C1170,1297,283,1580
0484C1180,981,654,1635
0484C1190,533,923,1456
0484C1200,943,622,1565
0484C1210,1400,611,2011
0484C1220,622,1448,2070
0484C1230,581,485,1066
0484C1240,1163,501,1664
0484C1250,950,478,1428
0484C1260,1252,331,1583
0484C1270,1028,644,1672
0484C1280,1408,444,1852
0484C1290,1069,436,1505
0484C1300,1436,630,2066
0484C1310,1087,593,1680
0484C1320,854,1336,2190
0484C1330,1209,696,1905
0484C1340,2016,1294,3310
0484C1350,1127,982,2109
0484C1360,391,1038,1429
0484C1370,145,1244,1389
0484C1380,1194,586,1780
0484C1390,645,974,1619
0484C1400,1357,399,1756
0484C1410,555,1086,1641
0484C1420,1260,370,1630
0484C1430,691,1185,1876
0484C1440,1478,627,2105
0484C1450,1029,570,1599
0484C1460,1209,629,1838
0484C1470,1283,441,1724
0484C1480,859,662,1521
0484C1490,2222,658,2880
0484C1500,2166,697,2863
0486A0010,1884,388,2272
0486A0020,639,150,789
0486A0030,936,206,1142
0486A0040,1220,175,1395
0486A0050,857,140,997
0486A0060,652,91,743
0486A0070,1338,210,1548
0486A0080,1191,186,1377
0486B2010,1178,178,1356
0486B2020,1241,279,1520
0486B2030,1375,206,1581
0486B3010,1089,453,1542
0486B3020,1143,429,1572
0486B4010,1126,218,1344
0486B4020,859,176,1035
0486C1010,1002,420,1422
0486C1020,1506,369,1875
0486C1030,1659,433,2092
0486C1040,962,907,1869
0486C1050,1521,311,1832
0486C1060,1365,381,1746
0486C1070,1458,301,1759
0486C1080,1678,889,2567
0486C1090,2369,782,3151
0488A0010,1373,221,1594
0488A0020,887,222,1109
0488B2010,1149,661,1810
0488B2020,1008,289,1297
0488B2030,788,296,1084
0488C1010,2100,339,2439
0488C1020,1639,184,1823
0488C1030,2930,674,3604
0509A0010,1161,93,1254
0509A0020,1224,113,1337
0509C1010,953,177,1130
0509C1020,1225,371,1596
0512A0010,1111,152,1263
0512A0020,1406,98,1504
0512C1010,732,184,916
0513A0010,1049,59,1108
0513A0020,1309,118,1427
0513A0030,1199,61,1260
0513B2010,1113,49,1162
0513B2020,1169,78,1247
0513C1010,1082,307,1389
0513C1020,599,293,892
0513C1030,1403,180,1583
0560A0010,1977,127,2104
0560C1010,1577,351,1928
0560C1020,1265,201,1466
0561A0010,1076,64,1140
0561A0020,849,51,900
0561A0030,873,62,935
0561B2010,1125,55,1180
0561C1010,1186,166,1352
0561C1020,1147,139,1286
0561C1030,1628,100,1728
0561C1040,1181,288,1469
0561C1050,1329,187,1516
0562A0010,893,92,985
0562A0020,1275,125,1400
0562A0030,1530,141,1671
0562A0040,929,59,988
0562A0050,1367,166,1533
0562A0060,1023,111,1134
0562C1010,1431,173,1604
0562C1020,959,548,1507
0562C1030,1211,861,2072
0562C1040,1141,504,1645
0562C1050,1128,310,1438
0562C1060,1342,482,1824
0562C1070,1501,415,1916
0562C1080,1584,602,2186
0563A0010,861,54,915
0563A0020,734,43,777
0563A0030,1754,103,1857
0563B2010,915,198,1113
0563C1010,1408,297,1705
0563C1020,995,268,1263
0580A0010,2388,134,2522
0580A0020,1909,97,2006
0580A0030,1834,122,1956
0580A0040,743,44,787
0580A0050,1723,181,1904
0580A0060,1663,136,1799
0580A0070,1284,105,1389
0580A0080,950,82,1032
0580A0090,1503,139,1642
0580A0100,1258,85,1343
0580A0110,1047,113,1160
0580A0120,1076,113,1189
0580A0130,836,64,900
0580B2010,1326,76,1402
0580B2020,1631,174,1805
0580B2030,1580,175,1755
0580B2040,1435,186,1621
0580B2050,1955,193,2148
0580B3010,1695,143,1838
0580B3020,1321,108,1429
0580B4010,1555,193,1748
0580B4020,1195,92,1287
0580B5010,2543,416,2959
0580B6010,1133,85,1218
0580B6020,2042,235,2277
0580C1010,2031,259,2290
0580C1020,1999,313,2312
0580C1030,1154,215,1369
0580C1040,1171,142,1313
0580C1050,1532,260,1792
0580C1060,880,122,1002
0580C1070,1187,290,1477
0580C1080,1404,184,1588
0580C1090,1138,548,1686
0580C1100,1249,133,1382
0580C1110,1621,832,2453
0580C1120,1401,188,1589
0580C1130,1372,366,1738
0580C1140,1499,126,1625
0580C1150,1304,496,1800
0580C1160,1120,779,1899
0580C1170,1033,716,1749
0580C1180,1189,267,1456
0580C1190,2104,1209,3313
0580C1200,1436,143,1579
0580C1210,1203,391,1594
0580C1220,611,1212,1823
0580C1230,3104,741,3845
0580C1240,1312,219,1531
0580C1250,563,1451,2014
0580C1260,856,519,1375
0580C1270,1125,249,1374
0580C1280,1020,265,1285
0580C1290,1468,415,1883
0580C1300,1246,548,1794
0580C1310,3121,756,3877
0580C1320,1320,464,1784
0580C1330,1247,264,1511
0580C1340,2001,491,2492
0580C1350,1289,230,1519
0580C1360,1054,219,1273
0580C1370,1412,382,1794
0580C1380,996,1108,2104
0580C1390,911,318,1229
0580C1400,445,1525,1970
0580C1410,1307,407,1714
0580C1420,2213,413,2626
0580C1430,1327,210,1537
0580C1440,1035,293,1328
0580C1450,1177,257,1434
0580C1460,932,824,1756
0580C1470,1477,408,1885
0580C1480,1336,210,1546
0580C1490,1283,413,1696
0580C1500,1151,430,1581
0580C1510,619,1130,1749
0580C1520,1192,503,1695
0580C1530,1267,229,1496
0580C1540,1363,305,1668
0580C1550,1180,362,1542
0580C1560,1427,308,1735
0580C1570,1268,293,1561
0580C1580,1771,230,2001
0580C1590,1161,378,1539
0580C1600,2319,1012,3331
0580C1610,593,1590,2183
0580C1620,1120,605,1725
0580C1630,420,1429,1849
0580C1640,1138,279,1417
0580C1650,1174,317,1491
0580C1660,425,1653,2078
0580C1670,379,1455,1834
0580C1680,460,1712,2172
0580C1690,1476,429,1905
0581A0010,1387,107,1494
0581A0020,1551,83,1634
0581A0030,1730,91,1821
0581A0040,1610,204,1814
0581A0050,1348,96,1444
0581A0060,2536,195,2731
0581A0070,1924,139,2063
0581A0080,1232,251,1483
0581A0090,906,86,992
0581A0100,1557,223,1780
0581B2010,1626,192,1818
0581B2020,1114,139,1253
0581B2030,1227,121,1348
0581B2040,1443,362,1805
0581B2050,850,79,929
0581B3010,1495,194,1689
0581B3020,1646,179,1825
0581B3030,2160,260,2420
0581B4010,1180,89,1269
0581B4020,2041,158,2199
0581B4030,1745,143,1888
0581B5010,1441,207,1648
0581B5020,2057,361,2418
0581C1010,679,68,747
0581C1020,982,1335,2317
0581C1030,934,1697,2631
0581C1040,779,114,893
0581C1050,1249,441,1690
0581C1060,1748,448,2196
0581C1070,862,1217,2079
0581C1080,1680,370,2050
0581C1090,1197,344,1541
0581C1100,312,1197,1509
0581C1110,911,602,1513
0581C1120,282,1600,1882
0581C1130,369,485,854
0581C1140,1404,319,1723
0581C1150,1426,280,1706
0581C1160,296,1073,1369
0581C1170,439,2010,2449
0581C1180,973,219,1192
0581C1190,1387,474,1861
0581C1200,1917,779,2696
0581C1210,1579,280,1859
0581C1220,1393,426,1819
0581C1230,1395,443,1838
0581C1240,1201,1398,2599
0581C1250,1332,1162,2494
0581C1260,1320,1503,2823
0581C1270,1452,403,1855
0581C1280,1634,651,2285
0581C1290,1832,286,2118
0581C1300,1331,320,1651
0581C1310,1304,1080,2384
0581C1320,1663,793,2456
0581C1330,1278,452,1730
0581C1340,1022,1000,2022
0581C1350,1222,625,1847
0581C1360,1507,588,2095
0581C1370,1323,625,1948
0581C1380,1025,900,1925
0581C1390,966,762,1728
0581C1400,872,411,1283
0581C1410,823,1082,1905
0581C1420,1111,628,1739
0581C1430,1043,1440,2483
0581C1440,1424,284,1708
0581C1450,1921,323,2244
0581C1460,1153,598,1751
0581C1470,1193,472,1665
0581C1480,1623,284,1907
0581C1490,1362,441,1803
0581C1500,1337,542,1879
0581C1510,1410,413,1823
0581C1520,1443,360,1803
0581C1530,1310,244,1554
0581C1540,1468,355,1823
0581C1550,1693,343,2036
0581C1560,1112,463,1575
0582A0010,2105,141,2246
0582A0020,1754,102,1856
0582A0030,1547,101,1648
0582B2010,1188,95,1283
0582C1010,1172,159,1331
0582C1020,1345,272,1617
0582C1030,1687,199,1886
0582C1040,1081,83,1164
0582C1050,1597,206,1803
0583A0010,1336,129,1465
0583A0020,981,77,1058
0583A0030,1140,98,1238
0583A0040,918,94,1012
0583A0050,1363,117,1480
0583A0060,999,79,1078
0583A0070,1583,124,1707
0583B2010,1014,62,1076
0583B2020,1923,117,2040
0583C1010,2044,331,2375
0583C1020,1631,673,2304
0583C1030,1760,409,2169
0583C1040,1665,375,2040
0583C1050,1351,309,1660
0583C1060,1408,284,1692
0583C1070,1350,1125,2475
0583C1080,1593,481,2074
0583C1090,1308,1274,2582
0583C1100,1760,219,1979
0583C1110,1207,1570,2777
0583C1120,1947,229,2176
0583C1130,1794,234,2028
0583C1140,1840,238,2078
0583C1150,1064,101,1165
0584A0010,1499,125,1624
0584C1010,1781,227,2008
0584C1020,1169,98,1267
0584C1030,1178,245,1423
0584C1040,1054,105,1159
0586A0010,1154,63,1217
0586A0020,1439,105,1544
0586A0030,1512,77,1589
0586A0040,1256,72,1328
0586C1010,985,429,1414
0586C1020,992,722,1714
0586C1030,1735,173,1908
0586C1040,1060,200,1260
0586C1050,1195,107,1302
0586C1060,900,444,1344
0586C1070,1227,245,1472
0586C1080,1587,343,1930
0586C1090,1363,677,2040
0586C2010,1369,157,1526
0586C2020,1529,112,1641
0586C2030,1562,233,1795
0586C3010,1215,211,1426
0586C3020,1779,242,2021
0604A0010,1304,139,1443
0604A0020,1563,133,1696
0604C1010,1688,623,2311
0604C1020,1173,201,1374
0617A0010,1336,235,1571
0617A0020,1087,264,1351
0617B2010,1197,805,2002
0617C1010,813,456,1269
0617C1020,972,1006,1978
0617C1030,818,449,1267
0642A0010,1433,209,1642
0642C1010,1596,323,1919
0642C1020,1638,230,1868
0642C1030,1783,320,2103
0643A0010,1803,122,1925
0643A0020,1730,155,1885
0643C1010,1273,117,1390
0643C1020,2217,333,2550
0643C1030,1638,160,1798
0643C1040,1741,337,2078
0643C1050,1350,152,1502
0662A0010,877,75,952
0662A0020,1180,151,1331
0662A0030,1756,198,1954
0662A0040,1372,179,1551
0662B2010,1451,711,2162
0662B2020,574,523,1097
0662B2030,839,517,1356
0662B3010,1105,274,1379
0662B4010,996,350,1346
0662B5010,688,254,942
0662C1010,864,743,1607
0662C1020,1250,375,1625
0662C1030,1168,674,1842
0662C1040,1319,534,1853
0662C1050,837,595,1432
0662C1060,1035,640,1675
0662C1070,942,739,1681
0662C1080,514,1402,1916
0662C1090,847,933,1780
0665A0010,1557,235,1792
0665A0020,1269,184,1453
0665A0030,1352,99,1451
0665C1010,1281,239,1520
0665C1020,1548,638,2186
0665C1030,1496,630,2126
0665C2010,1350,1017,2367
0665C2020,1457,502,1959
0680A0010,1802,120,1922
0680A0020,1513,141,1654
0680A0030,1155,96,1251
0680A0040,1142,225,1367
0680A0050,2391,110,2501
0680A0060,1190,120,1310
0680A0070,2388,168,2556
0680A0080,1578,99,1677
0680A0090,1364,102,1466
0680A0100,656,47,703
0680B2010,1609,137,1746
0680B2020,1197,198,1395
0680B3010,1301,513,1814
0680B3020,824,399,1223
0680B4010,932,150,1082
0680B4020,1427,239,1666
0680C1010,1209,137,1346
0680C1020,1650,253,1903
0680C1030,1415,156,1571
0680C1040,1712,663,2375
0680C1050,1992,675,2667
0680C1060,1753,488,2241
0680C1070,979,2389,3368
0680C1080,1795,344,2139
0680C1090,227,1168,1395
0680C1100,374,1345,1719
0680C1110,1785,346,2131
0680C1120,1359,319,1678
0680C1130,1820,333,2153
0680C1140,659,972,1631
0680C1150,1420,393,1813
0680C1160,2667,691,3358
0680C1170,1184,221,1405
0680C1180,1938,1182,3120
0680C1190,1108,863,1971
0680C1200,2237,795,3032
0680C1210,2231,381,2612
0680C1220,865,869,1734
0680C1230,1323,249,1572
0680C1240,554,1786,2340
0680C1250,1485,352,1837
0680C1260,1852,562,2414
0680C1270,1340,491,1831
0680C1280,1273,659,1932
0680C1290,615,1119,1734
0680C1300,1529,327,1856
0680C1310,806,789,1595
0680C1320,1050,455,1505
0680C1330,960,808,1768
0680C1340,1703,788,2491
0680C1350,1559,512,2071
0680C1360,1590,549,2139
0680C1370,1114,496,1610
0680C1380,1575,269,1844
0680C1390,1739,441,2180
0680C1400,1547,489,2036
0680C1410,435,1343,1778
0680C1420,1011,644,1655
0680C1430,554,1438,1992
0680C1440,960,427,1387
0680C1450,1425,809,2234
0680C1460,1203,370,1573
0680C1470,1590,271,1861
0680C1480,2099,602,2701
0680C1490,1224,543,1767
0680C1500,2030,379,2409
0680C1510,1829,333,2162
0680C1520,2062,615,2677
0680C1530,1545,573,2118
0680C1540,2012,276,2288
0680C1550,2055,195,2250
0680C1560,2355,291,2646
0680C1570,1741,174,1915
0680C1580,1857,394,2251
0682A0010,816,92,908
0682A0020,1571,162,1733
0682A0030,972,101,1073
0682A0040,1304,228,1532
0682A0050,1018,67,1085
0682A0060,1250,159,1409
0682B2010,1073,213,1286
0682B2020,769,180,949
0682B3010,807,354,1161
0682B3020,609,251,860
0682B4010,885,224,1109
0682C1010,1164,443,1607
0682C1020,1215,347,1562
0682C1030,1386,562,1948
0682C1040,1899,435,2334
0682C1050,1506,741,2247
0682C1060,1529,667,2196
0682C1070,1948,399,2347
0682C1080,599,1619,2218
0682C1090,1173,1207,2380
0683A0010,1061,199,1260
0683A0020,788,67,855
0683A0030,1880,167,2047
0683A0040,1158,207,1365
0683A0050,1197,167,1364
0683A0060,1307,140,1447
0683B2010,1051,588,1639
0683B3010,1180,357,1537
0683B4010,1087,391,1478
0683B5010,1090,249,1339
0683C1010,606,725,1331
0683C1020,988,474,1462
0683C1030,738,1118,1856
0683C1040,980,603,1583
0683C1050,1538,492,2030
0683C1060,753,398,1151
0683C1070,1875,565,2440
0683C1080,1378,822,2200
0683C1090,931,782,1713
0683C1100,1068,245,1313
0683C1110,842,309,1151
0683C1120,1521,610,2131
0684A0010,1566,314,1880
0684A0020,1472,134,1606
0684B2010,1281,263,1544
0684B3010,726,338,1064
0684C1010,707,705,1412
0684C1020,1232,454,1686
0684C1030,1824,755,2579
0685A0010,1368,141,1509
0685A0020,1103,148,1251
0685A0030,1130,179,1309
0685A0040,763,199,962
0685A0050,1097,95,1192
0685A0060,1860,139,1999
0685A0070,797,257,1054
0685B2010,1134,493,1627
0685B3010,1135,345,1480
0685B4010,975,268,1243
0685C1010,2376,369,2745
0685C1020,1409,520,1929
0685C1030,634,925,1559
0685C1040,1327,453,1780
0685C1050,1610,418,2028
0685C1060,1361,308,1669
0685C1070,1732,605,2337
0686A0010,1607,397,2004
0686A0020,880,106,986
0686A0030,2034,117,2151
0686B2010,1155,376,1531
0686C1010,1258,237,1495
0686C1020,1512,296,1808
0686C1030,1287,651,1938
0686C1040,1337,715,2052
0686C1050,2044,356,2400
0686C1060,1235,258,1493
0687A0010,1085,45,1130
0687A0020,1098,64,1162
0687A0030,1358,127,1485
0687C1010,1686,194,1880
0687C1020,1581,485,2066
0687C1030,1725,521,2246
0687C1040,1859,230,2089
0687C1050,1170,382,1552
0687C1060,1560,804,2364
0687C1070,1391,279,1670
0687C1080,443,717,1160
0760A0010,1856,647,2503
0760A0020,976,136,1112
0760B2010,1277,489,1766
0760B3010,886,340,1226
0760C1010,692,384,1076
0760C1020,1141,594,1735
0761A0010,1103,275,1378
0761B2010,1216,410,1626
0761B2020,1332,288,1620
0761B3010,608,295,903
0761C1010,783,608,1391
0761C1020,822,745,1567
0763A0010,820,259,1079
0763A0020,582,129,711
0763A0030,1477,363,1840
0763A0040,1867,264,2131
0763A0050,1631,303,1934
0763B2010,1033,417,1450
0763C1010,1248,299,1547
0763C1020,1136,469,1605
0764A0010,982,110,1092
0764A0020,1414,132,1546
0764A0030,1200,108,1308
0764A0040,1330,171,1501
0764A0050,1169,90,1259
0764B2010,761,113,874
0764B2020,1259,171,1430
0764B3010,1461,436,1897
0764C1010,1435,400,1835
0764C1020,872,1021,1893
0764C1030,900,1114,2014
0764C1040,750,1216,1966
0764C1050,1281,361,1642
0765A0010,1165,194,1359
0765A0020,1968,392,2360
0765A0030,1327,238,1565
0765B2010,1192,319,1511
0765C1010,1365,626,1991
0765C1020,1474,637,2111
0765C1030,759,1891,2650
0765C1040,1475,694,2169
0765C1050,1446,930,2376
0767A0010,1755,289,2044
0767B2010,1236,1095,2331
0767B2020,469,260,729
0767C1010,1532,796,2328
0767C1020,1611,453,2064
0767C1030,480,190,670
0780A0010,1050,74,1124
0780A0020,1550,156,1706
0780A0030,2091,138,2229
0780A0040,1734,264,1998
0780A0050,1274,96,1370
0780A0060,1852,173,2025
0780A0070,1717,166,1883
0780A0080,1486,138,1624
0780B2010,1162,257,1419
0780B2020,820,242,1062
0780B3010,1719,228,1947
0780B4010,1155,584,1739
0780B5010,1073,631,1704
0780B6010,1430,183,1613
0780C1010,1795,487,2282
0780C1020,2411,1068,3479
0780C1030,726,710,1436
0780C1040,1034,737,1771
0780C1050,777,919,1696
0780C1060,1930,851,2781
0780C1070,1901,1096,2997
0780C1080,1290,156,1446
0780C1090,1623,513,2136
0780C1100,1839,334,2173
0780C1110,836,482,1318
0780C1120,1403,303,1706
0780C1130,1321,128,1449
0780C1140,1421,238,1659
0780C1150,1409,320,1729
0780C1160,1531,397,1928
0780C1170,1695,384,2079
0780C1180,1271,264,1535
0780C1190,1712,585,2297
0780C1200,2096,868,2964
0780C1210,1582,995,2577
0780C1220,1368,388,1756
0780C1230,397,2245,2642
0780C1240,362,1794,2156
0780C1250,858,1124,1982
0780C1260,1713,377,2090
0780C1270,1277,142,1419
0780C1280,427,1917,2344
0780C1290,1316,294,1610
0780C1300,1590,740,2330
0780C1310,2070,205,2275
0780C1320,1809,275,2084
0780C1330,1456,370,1826
0780C1340,1782,438,2220
0780C1350,1153,144,1297
0780C1360,1845,380,2225
0781A0010,1884,354,2238
0781A0020,1491,440,1931
0781A0030,1942,358,2300
0781A0040,1921,251,2172
0781A0050,1536,344,1880
0781B2010,1291,446,1737
0781C1010,1081,221,1302
0781C1020,1225,865,2090
0781C1030,1661,563,2224
0781C1040,1643,553,2196
0781C1050,1680,572,2252
0781C1060,1415,692,2107
0781C1070,1318,1046,2364
0781C1080,1281,409,1690
0821A0010,869,421,1290
0821A0020,807,335,1142
0821A0030,882,278,1160
0821C1010,1400,592,1992
0834A0010,931,68,999
0834A0020,1534,199,1733
0834B2010,1022,164,1186
0834B3010,805,174,979
0834C1010,1814,331,2145
0840A0010,812,138,950
0840A0020,1424,88,1512
0840A0030,1999,156,2155
0840B2010,2332,211,2543
0840B2020,1514,141,1655
0840B2030,1334,255,1589
0840B2040,1672,140,1812
0840B2050,1813,122,1935
0840C1010,1468,366,1834
0860A0010,1058,247,1305
0860A0020,990,223,1213
0860A0030,1055,91,1146
0860A0040,788,229,1017
0860B2010,1235,585,1820
0860B3010,1435,429,1864
0860C1010,816,754,1570
0860C1020,1109,550,1659
0860C1030,1961,509,2470
0861A0010,1111,135,1246
0861A0020,1040,65,1105
0861A0030,1183,251,1434
0861B2010,750,93,843
0861B2020,1263,322,1585
0861B3010,1303,135,1438
0861C1010,1058,97,1155
0861C1020,981,317,1298
0861C1030,1114,353,1467
0861C1040,1254,451,1705
0862A0010,1495,215,1710
0862A0020,777,87,864
0862A0030,1286,367,1653
0862C1010,1003,283,1286
0862C1020,1235,899,2134
0862C1030,1265,435,1700
0880A0010,1421,159,1580
0880A0020,773,143,916
0880A0030,974,75,1049
0880A0040,1039,115,1154
0880A0050,1297,86,1383
0880A0060,1668,129,1797
0880A0070,2718,194,2912
0880B2010,1831,83,1914
0880B2020,1266,181,1447
0880B2030,867,625,1492
0880B2040,1307,362,1669
0880B3010,1089,87,1176
0880B3020,2222,234,2456
0880B4010,1555,179,1734
0880C1010,1349,112,1461
0880C1020,1955,309,2264
0880C1030,1731,267,1998
0880C1040,1381,176,1557
0880C1050,1367,472,1839
0880C1060,961,248,1209
0880C1070,1453,195,1648
0880C1080,1529,324,1853
0880C1090,1777,258,2035
0880C1100,1346,139,1485
0880C1110,1170,263,1433
0880C1120,1065,888,1953
0880C1130,1094,175,1269
0880C1140,707,199,906
0880C1150,1093,705,1798
0880C1160,806,164,970
0880C1170,1750,681,2431
0880C1180,2213,240,2453
0880C1190,1901,953,2854
0880C1200,2549,869,3418
0880C1210,657,1180,1837
0880C1220,699,1291,1990
0880C1230,1058,220,1278
0880C1240,1101,175,1276
0880C1250,1140,307,1447
0880C1260,1709,283,1992
0880C1270,1038,111,1149
0880C1280,1320,216,1536
0881A0010,858,128,986
0881A0020,1011,43,1054
0881A0030,2000,254,2254
0881A0040,1138,201,1339
0881B2010,676,292,968
0881C1010,1422,327,1749
0881C1020,1445,242,1687
0881C1030,1320,392,1712
0881C1040,1002,133,1135
0881C1050,1356,441,1797
0881C1060,1140,406,1546
0881C1070,578,1255,1833
0881C1080,1582,661,2243
0882A0010,2316,179,2495
0882A0020,854,109,963
0882A0030,1964,221,2185
0882B2010,1274,122,1396
0882B3010,879,96,975
0882C1010,1539,824,2363
0882C1020,916,535,1451
0882C1030,849,590,1439
0882C1040,1051,195,1246
0882C1050,787,235,1022
0882C1060,956,240,1196
0882C1070,1127,450,1577
0882C1080,1378,480,1858
0882C1090,1438,124,1562
0882C1100,1254,415,1669
0882C1110,1112,282,1394
0882C1120,2046,191,2237
0883A0010,1194,164,1358
0883A0020,1636,137,1773
0883A0030,1186,83,1269
0883A0040,798,69,867
0883A0050,1172,90,1262
0883A0060,1173,113,1286
0883B2010,1135,284,1419
0883B2020,1213,191,1404
0883B3010,1072,202,1274
0883B4010,970,186,1156
0883B5010,739,267,1006
0883C1010,1701,215,1916
0883C1020,1119,520,1639
0883C1030,1418,455,1873
0883C1040,1003,464,1467
0883C1050,1035,204,1239
0883C1060,952,93,1045
0883C1070,2321,210,2531
0883C1080,1592,202,1794
0883C1090,1349,301,1650
0883C1100,799,89,888
0883C1110,1381,173,1554
0883C1120,1479,146,1625
0883C1130,1105,309,1414
0883C1140,1733,208,1941
0884A0010,1708,105,1813
0884A0020,1584,169,1753
0884A0030,1422,153,1575
0884B2010,1015,124,1139
0884B3010,800,179,979
0884C1010,1141,491,1632
0884C1020,1117,224,1341
0884C1030,1203,732,1935
0884C1040,1639,181,1820
0884C1050,1423,147,1570
0885A0010,1269,103,1372
0885A0020,1261,102,1363
0885A0030,1249,89,1338
0885A0040,2153,239,2392
0885C1010,1323,269,1592
0885C1020,1371,290,1661
0885C1030,942,197,1139
0980A0010,837,71,908
0980A0020,1607,108,1715
0980A0030,1184,60,1244
0980A0040,889,37,926
0980A0050,776,47,823
0980A0060,1262,75,1337
0980A0070,1393,66,1459
0980A0080,868,68,936
0980A0090,1316,94,1410
0980A0100,1631,108,1739
0980A0110,1264,78,1342
0980A0120,1242,72,1314
0980A0130,1298,120,1418
0980A0140,1477,144,1621
0980A0150,2207,147,2354
0980A0160,1631,114,1745
0980A0170,1947,146,2093
0980A0180,1581,189,1770
0980B2010,1530,258,1788
0980B3010,1449,214,1663
0980B4010,1262,201,1463
0980B5010,1212,95,1307
0980C1010,2352,191,2543
0980C1020,1745,180,1925
0980C1030,1797,169,1966
0980C1040,1298,117,1415
0980C1050,1181,298,1479
0980C1060,2205,280,2485
0980C1070,1530,169,1699
0980C1080,1558,358,1916
0980C1090,1877,210,2087
0980C1100,1692,147,1839
0980C1110,1167,258,1425
0980C1120,1425,412,1837
0980C1130,1287,234,1521
0980C1140,1450,227,1677
0980C1150,1136,244,1380
0980C1160,1450,154,1604
1060A0010,1071,168,1239
1060A0020,1226,257,1483
1060B2010,901,129,1030
1060C1010,1284,338,1622
1060C1020,1085,723,1808
1060C1030,1288,881,2169
1060C1040,1030,735,1765
1060C1050,1198,845,2043
1080A0010,1526,100,1626
1080A0020,791,49,840
1080A0030,2615,128,2743
1080A0040,1358,91,1449
1080A0050,1976,127,2103
1080A0060,1351,96,1447
1080A0070,1005,41,1046
1080A0080,1188,95,1283
1080A0090,1655,130,1785
1080A0100,968,126,1094
1080B2010,1538,147,1685
1080B2020,1771,166,1937
1080B3010,1330,65,1395
1080B3020,1263,89,1352
1080B4010,1639,67,1706
1080B5010,1416,62,1478
1080C1010,1498,269,1767
1080C1020,1475,210,1685
1080C1030,1144,171,1315
1080C1040,1363,275,1638
1080C1050,1086,280,1366
1080C1060,1660,349,2009
1080C1070,1626,194,1820
1080C1080,1499,511,2010
1080C1090,1310,262,1572
1080C1100,1237,356,1593
1080C1110,1334,114,1448
1080C1120,926,828,1754
1080C1130,1990,103,2093
1080C1140,1052,115,1167
1080C1150,1118,316,1434
1080C1160,933,1204,2137
1080C1170,359,2053,2412
1080C1180,1398,271,1669
1080C1190,1288,95,1383
1080C1200,1122,425,1547
1080C1210,1244,512,1756
1080C1220,1202,121,1323
1080C1230,1854,338,2192
1080C1240,2310,313,2623
1081A0010,1589,116,1705
1081A0020,1098,62,1160
1081A0030,1239,90,1329
1081A0040,1230,115,1345
1081A0050,1311,212,1523
1081B2010,1836,109,1945
1081B3010,1597,189,1786
1081C1010,1713,359,2072
1081C1020,1730,405,2135
1081C1030,505,1018,1523
1081C1040,546,1064,1610
1081C1050,948,415,1363
1081C1060,1591,180,1771
1081C1070,1321,588,1909
1081C1080,1041,211,1252
1081C1090,1210,516,1726
1081C1100,1041,347,1388
1081C1110,1283,344,1627
1082A0010,1388,116,1504
1082A0020,2173,220,2393
1082A0030,984,97,1081
1082B2010,1424,650,2074
1082C1010,1391,135,1526
1082C1020,1037,478,1515
1082C1030,1051,513,1564
1082C1040,1300,318,1618
1082C1050,1282,140,1422
1082C1060,1263,384,1647
1082C1070,1388,339,1727
1082C1080,1314,639,1953
1082C1090,1881,357,2238
1082C1100,1461,224,1685
1082C1110,1580,210,1790
1082C1120,1621,522,2143
1082C1130,1906,467,2373
1082C1140,1797,166,1963
1083A0010,1810,134,1944
1083A0020,1489,255,1744
1083B2010,1692,330,2022
1083B3010,1449,92,1541
1083B4010,956,120,1076
1083C1010,2022,429,2451
1083C1020,1685,420,2105
1083C1030,1820,563,2383
1083C1040,1997,251,2248
1214A0010,783,185,968
1214A0020,1528,316,1844
1214A0030,1348,197,1545
1214A0040,914,185,1099
1214B2010,1458,528,1986
1214B3010,1345,272,1617
1214B4010,887,238,1125
1214C1010,1436,675,2111
1214C1020,1385,786,2171
1230A0010,1619,467,2086
1230A0020,688,155,843
1230B2010,2357,331,2688
1230B2020,2442,586,3028
1230C1010,2336,798,3134
1230C1020,1921,531,2452
1230C1030,1684,497,2181
1230C1040,1468,346,1814
1230C1050,2077,590,2667
1230C1060,1585,373,1958
1230C1070,1525,369,1894
1230C1080,1302,731,2033
1231C1010,650,955,1605
1231C1020,1128,1495,2623
1231C1030,482,1032,1514
1231C1040,768,1388,2156
1231C1050,679,1643,2322
1231C1060,906,842,1748
1231C1070,615,834,1449
1231C1080,1708,429,2137
1231C1090,1689,506,2195
1231C1100,1730,403,2133
1233A0010,1376,311,1687
1233A0020,776,129,905
1233B2010,1937,218,2155
1233B2020,1324,190,1514
1233B2030,1133,154,1287
1233B2040,2102,163,2265
1233B2050,1996,278,2274
1233B2060,1733,226,1959
1233B2070,2264,247,2511
1233B2080,1730,174,1904
1233B3010,1105,170,1275
1233B3020,1493,175,1668
1233B3030,1880,218,2098
1233B3040,2179,286,2465
1233B4010,875,152,1027
1233B4020,1362,240,1602
1233C1010,1224,123,1347
1233C1020,1450,226,1676
1233C1030,2003,334,2337
1233C1040,1871,231,2102
1233C1050,1475,288,1763
1256A0010,1167,124,1291
1256A0020,757,85,842
1256A0030,1039,136,1175
1256B2010,1572,269,1841
1256B2020,1192,394,1586
1256B3010,1241,365,1606
1256B4010,998,414,1412
1256B5010,877,518,1395
1256C1010,1177,386,1563
1256C1020,1257,609,1866
1257A0010,1036,242,1278
1257A0020,1442,390,1832
1257A0030,1280,358,1638
1257C1010,1134,198,1332
1257C1020,1200,357,1557
1257C1030,1057,657,1714
1257C1040,916,188,1104
1260A0010,1340,417,1757
1260A0020,1317,1025,2342
1260A0030,1510,492,2002
1260B2010,1564,373,1937
1260C1010,1218,586,1804
1260C1020,875,939,1814
1260C1030,1247,694,1941
1260C1040,1321,1144,2465
1261A0010,615,54,669
1261A0020,825,131,956
1261A0030,949,178,1127
1261B2010,1622,268,1890
1261B2020,1991,317,2308
1261B2030,2136,241,2377
1261B2040,1704,230,1934
1261B2050,2247,244,2491
1261B2060,1577,182,1759
1261B2070,1538,160,1698
1261C1010,1441,178,1619
1261C1020,1269,148,1417
1261C1030,1331,358,1689
1261C1040,1247,339,1586
1261C1050,1266,240,1506
1261C1060,1166,222,1388
1261C1070,1136,558,1694
1261C1080,2515,526,3041
1261C1090,1157,164,1321
1262C1010,1387,297,1684
1262C1020,1641,157,1798
1262C1030,1476,273,1749
1262C1040,1656,246,1902
1262C1050,2271,265,2536
1262C1060,1839,362,2201
1262C1070,1960,368,2328
1262C1080,1557,135,1692
1262C1090,2107,188,2295
1262C1100,2098,410,2508
1262C1110,1755,180,1935
1262C1120,1779,314,2093
1263A0010,862,146,1008
1263A0020,1476,301,1777
1263B2010,1321,459,1780
1263B2020,2216,688,2904
1263B3010,1952,428,2380
1263C1010,1942,352,2294
1263C1020,1724,325,2049
1263C1030,1168,158,1326
1263C1040,1734,476,2210
1263C1050,1770,275,2045
1263C1060,1182,176,1358
1263C1070,1884,273,2157
1264A0010,1056,175,1231
1264A0020,951,125,1076
1264A0030,783,123,906
1264A0040,961,156,1117
1264B2010,1360,266,1626
1264B3010,1141,325,1466
1264C1010,2034,379,2413
1264C1020,1665,424,2089
1264C1030,1686,514,2200
1264C1040,2093,514,2607
1265A0010,1148,164,1312
1265A0020,947,114,1061
1265A0030,1521,208,1729
1265A0040,1122,219,1341
1265A0050,1394,264,1658
1265A0060,976,188,1164
1265A0070,807,128,935
1265B2010,1401,239,1640
1265C1010,2201,268,2469
1265C1020,1685,280,1965
1265C1030,1777,271,2048
1265C1040,1879,346,2225
1266A0010,1495,193,1688
1266A0020,1035,122,1157
1266A0030,858,70,928
1266A0040,952,79,1031
1266A0050,1171,183,1354
1266B2010,1332,152,1484
1266C1010,1341,282,1623
1266C1020,1847,601,2448
1266C1030,1768,306,2074
1266C1040,1419,512,1931
1267A0010,1416,250,1666
1267A0020,1663,250,1913
1267C1010,1683,226,1909
1267C1020,1876,425,2301
1267C1030,1662,334,1996
1267C1040,1917,266,2183
1267C1050,1825,400,2225
1267C1060,1850,266,2116
1267C1070,815,173,988
1270A0010,2078,235,2313
1270A0020,1846,265,2111
1270A0030,1721,207,1928
1270C1010,1959,398,2357
1270C1020,1257,672,1929
1270C1030,746,217,963
1270C1040,1880,331,2211
1272A0010,1247,122,1369
1272B2010,1127,249,1376
1272B3010,1168,143,1311
1272C1010,1912,752,2664
1272C1020,1638,829,2467
1272C1030,1377,423,1800
1272C1040,1421,225,1646
1273A0010,787,77,864
1273A0020,1086,122,1208
1273A0030,1014,297,1311
1273B2010,1556,402,1958
1273C1010,1290,277,1567
1273C1020,1188,307,1495
1273C1030,1045,420,1465
1273C1040,1088,623,1711
1273C1050,1258,401,1659
1275A0010,1104,175,1279
1275C1010,999,490,1489
1275C1020,817,656,1473
1275C1030,1043,386,1429
1275C1040,1006,766,1772
1276A0010,1416,247,1663
1276A0020,800,161,961
1276A0030,1170,244,1414
1276B2010,1861,480,2341
1276B3010,1526,473,1999
1276C1010,1944,663,2607
1276C1020,1335,778,2113
1276C1030,1214,507,1721
1276C1040,1288,238,1526
1276C1050,932,588,1520
1277A0010,656,107,763
1277B2010,1634,933,2567
1277B3010,1511,551,2062
1277C1010,461,404,865
1277C1020,899,675,1574
1277C1030,1716,370,2086
1277C1040,465,1175,1640
1277C1050,1215,835,2050
1277C1060,751,341,1092
1277C1070,941,701,1642
1278A0010,1471,202,1673
1278A0020,1720,281,2001
1278B2010,1195,302,1497
1278B2020,785,279,1064
1278B2030,921,243,1164
1278B3010,999,137,1136
1278C1010,1684,384,2068
1278C1020,1765,402,2167
1278C1030,2595,459,3054
1280C1010,1683,391,2074
1280C1020,1083,348,1431
1280C1030,1544,593,2137
1280C1040,1743,557,2300
1280C1050,1576,1065,2641
1280C1060,779,843,1622
1280C1070,778,1422,2200
1280C1080,912,560,1472
1280C1090,1646,798,2444
1280C1100,951,727,1678
1280C1110,1185,1313,2498
1280C1120,800,310,1110
1280C1130,1095,911,2006
1280C1140,1169,284,1453
1280C1150,721,795,1516
1280C1160,1036,1110,2146
1280C1170,680,2600,3280
1280C1180,404,1350,1754
1280C1190,1785,713,2498
1280C1200,783,1386,2169
1280C1210,449,1648,2097
1280C1220,841,840,1681
1280C1230,466,1353,1819
1280C1240,338,1774,2112
1280C1250,1347,354,1701
1280C1260,364,1184,1548
1280C1270,2302,4225,6527
1280C1280,838,947,1785
1280C1290,384,1783,2167
1280C1300,497,1156,1653
1280C1310,353,1542,1895
1280C1320,252,1805,2057
1280C1330,478,982,1460
1280C1340,2225,1211,3436
1280C1350,335,1736,2071
1280C1360,435,1084,1519
1280C1370,610,1432,2042
1280C1380,413,2035,2448
1280C1390,640,1251,1891
1280C1400,1198,820,2018
1280C1410,1062,236,1298
1280C1420,732,833,1565
1280C1430,289,2182,2471
1280C1440,1968,1267,3235
1280C1450,717,981,1698
1280C1460,399,1412,1811
1280C1470,284,1389,1673
1280C1480,145,1313,1458
1280C1490,634,666,1300
1280C1500,902,1034,1936
1280C1510,807,1553,2360
1280C1520,323,1125,1448
1280C1530,339,1534,1873
1280C1540,1093,351,1444
1280C1550,1288,854,2142
1280C1560,1690,228,1918
1280C1570,707,577,1284
1280C1580,398,1643,2041
1280C1590,1111,939,2050
1280C1600,342,1287,1629
1280C1610,657,1160,1817
1280C1620,557,856,1413
1280C1630,1331,438,1769
1280C1640,1258,283,1541
1280C1650,751,609,1360
1280C1660,1316,234,1550
1280C1670,1150,275,1425
1280C1680,394,1645,2039
1280C1690,61,1404,1465
1280C1700,467,1705,2172
1280C1710,535,1527,2062
1280C1720,283,1406,1689
1280C1730,805,876,1681
1280C1740,459,1511,1970
1280C1750,88,1990,2078
1280C1760,168,1674,1842
1280C1770,659,789,1448
1280C1780,665,864,1529
1280C1790,1217,405,1622
1280C1800,573,1102,1675
1280C1810,1494,232,1726
1280C1820,1012,1421,2433
1280C1830,163,1645,1808
1280C1840,216,1451,1667
1280C1850,819,593,1412
1280C1860,1590,456,2046
1280C1870,799,1102,1901
1280C1880,66,900,966
1280C1890,157,1828,1985
1280C1900,1570,378,1948
1280C1910,697,906,1603
1280C1920,800,411,1211
1280C1930,491,1315,1806
1280C1940,1222,1224,2446
1280C1950,1400,429,1829
1280C1960,699,789,1488
1280C1970,808,706,1514
1280C1980,135,1997,2132
1280C1990,1089,706,1795
1280C2000,245,1512,1757
1280C2010,1028,528,1556
1280C2020,166,1983,2149
1280C2030,642,668,1310
1280C2040,1083,652,1735
1280C2050,981,452,1433
1280C2060,706,762,1468
1280C2070,748,332,1080
1280C2080,5108,3899,9007
1280C2090,1048,672,1720
1280C2100,422,1152,1574
1280C2110,813,447,1260
1280C2120,1081,1148,2229
1280C2130,1237,565,1802
1280C2140,844,583,1427
1280C2150,695,608,1303
1280C2160,809,518,1327
1280C2170,852,373,1225
1280C2180,1167,569,1736
1280C2190,889,371,1260
1280C2200,1019,916,1935
1280C2210,1727,415,2142
1280C2220,1110,648,1758
1280C2230,928,503,1431
1280C2240,1085,739,1824
1280C2250,969,298,1267
1280C2260,825,863,1688
1280C2270,1179,524,1703
1280C2280,253,1804,2057
1280C2290,1102,559,1661
1280C2300,607,1175,1782
1280C2310,868,689,1557
1280C2320,1037,449,1486
1280C2330,1100,204,1304
1280C2340,1197,820,2017
1280C2350,956,459,1415
1280C2360,1242,456,1698
1280C2370,1129,802,1931
1280C2380,1472,388,1860
1280C2390,795,799,1594
1280C2400,1024,701,1725
1280C2410,1217,303,1520
1280C2420,1093,376,1469
1280C2430,1119,268,1387
1280C2440,946,550,1496
1280C2450,1250,301,1551
1280C2460,1362,357,1719
1280C2470,1236,541,1777
1280C2480,922,457,1379
1280C2490,1379,288,1667
1280C2500,1107,1384,2491
1280C2510,831,781,1612
1280C2520,1435,542,1977
1280C2530,1262,552,1814
1280C2540,1183,571,1754
1280C2550,1082,428,1510
1280C2560,714,609,1323
1280C2570,1092,287,1379
1280C2580,798,447,1245
1280C2590,1296,228,1524
1280C2600,1890,1137,3027
1280C2610,1892,2180,4072
1280C2620,1345,260,1605
1280C2630,1506,270,1776
1280C2640,978,282,1260
1280C2650,1143,212,1355
1280C2660,1094,299,1393
1280C2670,1338,549,1887
1280C2680,1268,427,1695
1280C2690,918,471,1389
1280C2700,1097,546,1643
1280C2710,1172,262,1434
1280C2720,1075,444,1519
1280C2730,815,710,1525
1280C2740,951,722,1673
1280C2750,1286,850,2136
1280C2760,887,563,1450
1280C2770,790,599,1389
1280C2780,862,761,1623
1280C2790,540,907,1447
1280C2800,965,670,1635
1280C2810,1222,757,1979
1280C2820,765,845,1610
1280C2830,889,567,1456
1280C2840,1233,742,1975
1280C2850,1385,623,2008
1280C2860,535,858,1393
1280C2870,2925,1375,4300
1280C2880,2850,1677,4527
1280C2890,563,891,1454
1280C2900,1232,878,2110
1280C2910,865,1333,2198
1280C2920,1227,567,1794
1281A0010,701,140,841
1281A0020,2117,299,2416
1281A0030,1423,277,1700
1281A0040,1023,255,1278
1281B2010,1624,333,1957
1281B2020,1026,181,1207
1281B2030,1342,280,1622
1281B2040,1830,379,2209
1281B3010,1110,466,1576
1281B3020,1680,358,2038
1281B3030,1218,209,1427
1281B3040,1721,245,1966
1281B4010,1476,200,1676
1281B4020,1744,344,2088
1281B4030,1705,246,1951
1281B5010,1775,451,2226
1281B5020,926,111,1037
1281C1010,1326,469,1795
1281C1020,1328,796,2124
1281C1030,1897,1303,3200
1281C1040,729,640,1369
1281C1050,1232,405,1637
1281C1060,1599,283,1882
1281C1070,1340,1242,2582
1281C1080,779,1424,2203
1281C1090,1079,283,1362
1281C1100,1575,351,1926
1281C1110,1396,620,2016
1281C1120,1331,671,2002
1281C1130,1114,357,1471
1281C1140,970,665,1635
1281C1150,1249,389,1638
1281C1160,976,682,1658
1281C1170,946,246,1192
1281C1180,1372,398,1770
1281C1190,1300,418,1718
1281C1200,1071,219,1290
1281C1210,1057,361,1418
1281C1220,1223,398,1621
1281C1230,1519,525,2044
1281C1240,783,472,1255
1281C1250,1395,407,1802
1281C1260,1531,407,1938
1281C1270,1079,722,1801
1281C1280,1488,421,1909
1281C1290,1063,541,1604
1281C1300,842,243,1085
1281C1310,776,277,1053
1281C1320,1628,330,1958
1281C1330,976,476,1452
1281C1340,1029,500,1529
1281C1350,821,870,1691
1281C1360,1115,474,1589
1281C1370,1447,833,2280
1281C1380,1344,373,1717
1281C1390,952,705,1657
1281C1400,1336,429,1765
1281C1410,815,359,1174
1281C1420,796,369,1165
1281C1430,2255,1182,3437
1281C1440,1177,661,1838
1281C1450,867,619,1486
1281C1460,1126,777,1903
1281C1470,922,1311,2233
1281C1480,503,655,1158
1281C1490,1192,468,1660
1281C1500,714,890,1604
1281C1510,1554,574,2128
1281C1520,1426,465,1891
1281C1530,845,679,1524
1281C1540,759,861,1620
1281C1550,1483,646,2129
1281C1560,1330,319,1649
1281C1570,723,209,932
1282A0010,2168,474,2642
1282B2010,2134,421,2555
1282B3010,1423,372,1795
1282C1010,1896,266,2162
1282C1020,2264,549,2813
1282C1030,949,247,1196
1282C1040,1514,634,2148
1282C1050,860,1709,2569
1282C1060,781,1554,2335
1282C1070,926,1507,2433
1282C1080,1208,1327,2535
1282C1090,1190,723,1913
1282C1100,1274,1008,2282
1282C1110,1067,988,2055
1282C1120,667,723,1390
1282C1130,1194,575,1769
1282C1140,907,320,1227
1282C1150,277,932,1209
1282C1160,1318,509,1827
1282C1170,256,824,1080
1282C1180,1738,385,2123
1282C1190,2488,307,2795
1282C1200,865,1286,2151
1283A0010,1069,221,1290
1283A0020,1009,319,1328
1283A0030,1881,206,2087
1283A0040,986,192,1178
1283B2010,1791,136,1927
1283B2020,2530,355,2885
1283B2030,1543,216,1759
1283B3010,1613,372,1985
1283B4010,959,498,1457
1283B5010,801,140,941
1283C1010,1304,208,1512
1283C1020,1564,159,1723
1283C1030,1418,164,1582
1283C1040,1658,566,2224
1283C1050,926,564,1490
1283C1060,635,384,1019
1283C1070,864,603,1467
1283C1080,988,715,1703
1283C1090,940,591,1531
1283C1100,1253,328,1581
1283C1110,1391,420,1811
1283C1120,1041,1362,2403
1283C1130,494,1575,2069
1283C1140,1548,295,1843
1283C1150,870,1101,1971
1283C1160,1227,565,1792
1283C1170,1363,276,1639
1283C1180,1305,269,1574
1283C1190,1448,733,2181
1283C1200,898,2381,3279
1283C1210,703,1494,2197
1283C1220,2137,978,3115
1283C1230,501,1462,1963
1283C1240,504,1360,1864
1283C1250,630,1314,1944
1283C1260,1020,624,1644
1283C1270,657,872,1529
1283C1280,585,1003,1588
1283C1290,936,1127,2063
1283C1300,1501,400,1901
1283C1310,814,906,1720
1283C1320,1090,428,1518
1283C1330,1088,451,1539
1283C1340,573,804,1377
1283C1350,1173,296,1469
1283C1360,1465,522,1987
1283C1370,643,1327,1970
1283C1380,1329,679,2008
1283C1390,1334,348,1682
1283C1400,1265,1123,2388
1283C1410,761,1210,1971
1283C1420,1159,253,1412
1283C1430,1524,296,1820
1283C1440,1407,383,1790
1283C1450,1065,668,1733
1283C1460,1340,549,1889
1283C1470,864,1609,2473
1283C1480,1646,421,2067
1283C1490,569,1662,2231
1283C1500,1397,596,1993
1283C1510,743,1339,2082
1283C1520,1815,388,2203
1283C1530,1863,731,2594
1283C1540,307,1310,1617
1283C1550,485,1284,1769
1283C1560,701,1136,1837
1283C1570,720,1001,1721
1283C1580,1925,653,2578
1283C1590,1630,258,1888
1283C1600,565,912,1477
1283C1610,1385,1231,2616
1283C1620,1096,287,1383
1283C1630,2529,1756,4285
1283C1640,1594,361,1955
1283C1650,1260,174,1434
1283C1660,986,1323,2309
1283C1670,1942,385,2327
1283C1680,716,97,813
1283C1690,1379,921,2300
1283C1700,1293,418,1711
1284A0010,1420,267,1687
1284A0020,1284,226,1510
1284A0030,647,114,761
1284B2010,926,80,1006
1284B2020,1194,128,1322
1284C1010,1118,156,1274
1284C1020,2104,350,2454
1284C1030,1282,134,1416
1284C1040,994,156,1150
1284C1050,1474,172,1646
1284C1060,1652,723,2375
1284C1070,1576,646,2222
1284C1080,1449,520,1969
1284C1090,1696,382,2078
1284C1100,1480,433,1913
1284C1110,1169,241,1410
1284C1120,1667,243,1910
1285A0010,1796,366,2162
1285A0020,686,156,842
1285A0030,635,164,799
1285A0040,1168,300,1468
1285A0050,1022,164,1186
1285A0060,999,92,1091
1285A0070,831,159,990
1285B2010,1350,477,1827
1285B3010,1079,256,1335
1285B4010,1302,141,1443
1285B5010,897,179,1076
1285C1010,1541,901,2442
1285C1020,1617,676,2293
1285C1030,1340,845,2185
1285C1040,1756,365,2121
1285C1050,855,1003,1858
1285C1060,1532,569,2101
1285C1070,1716,534,2250
1285C1080,1878,1093,2971
1285C1090,1074,1187,2261
1286A0010,1014,155,1169
1286A0020,1097,203,1300
1286A0030,1610,183,1793
1286A0040,988,94,1082
1286A0050,891,119,1010
1286A0060,711,77,788
1286B2010,1547,135,1682
1286B2020,1111,150,1261
1286C1010,1578,320,1898
1286C1020,1433,346,1779
1286C1030,1449,229,1678
1286C1040,2934,442,3376
1286C1050,1344,161,1505
1286C1060,1880,278,2158
1286C1070,2003,324,2327
1286C1080,1941,573,2514
1286C1090,1366,239,1605
1286C1100,801,83,884
1286C1110,1667,238,1905
1287A0010,1319,215,1534
1287A0020,1331,258,1589
1287A0030,1094,177,1271
1287A0040,1265,217,1482
1287A0050,1132,196,1328
1287B2010,1165,142,1307
1287B2020,1433,197,1630
1287B3010,1834,312,2146
1287C1010,2030,232,2262
1287C1020,1427,212,1639
1287C1030,1017,791,1808
1287C1040,924,375,1299
1287C1050,1176,650,1826
1287C1060,1441,1035,2476
1287C1070,1441,625,2066
1287C1080,827,949,1776
1287C1090,1603,350,1953
1287C1100,1904,698,2602
1287C1110,849,603,1452
1287C1120,1148,533,1681
1287C1130,847,295,1142
1287C1140,655,455,1110
1287C1150,895,338,1233
1287C1160,1703,327,2030
1287C1170,1798,481,2279
1287C1180,1573,562,2135
1287C1190,1363,230,1593
1290A0010,872,104,976
1290A0020,1406,123,1529
1290A0030,1370,219,1589
1290A0040,1772,237,2009
1290A0050,1574,250,1824
1290A0060,808,141,949
1290A0070,917,123,1040
1290A0080,2056,192,2248
1290A0090,1658,197,1855
1290A0100,909,100,1009
1290A0110,2077,219,2296
1290B2010,2452,181,2633
1290B2020,1112,103,1215
1290B2030,1762,177,1939
1290B2040,1806,150,1956
1290B2050,2128,159,2287
1290B2060,1478,106,1584
1290B3010,1842,311,2153
1290B3020,1258,197,1455
1290B4010,1747,212,1959
1290B5010,1417,295,1712
1290B6010,1292,226,1518
1290B7010,1280,138,1418
1290B8010,949,86,1035
1290C1010,883,151,1034
1290C1020,1739,587,2326
1290C1030,1575,280,1855
1290C1040,1027,172,1199
1290C1050,2165,368,2533
1290C1060,1194,462,1656
1290C1070,1563,686,2249
1290C1080,769,1210,1979
1290C1090,1004,874,1878
1290C1100,1455,584,2039
1290C1110,1650,532,2182
1290C1120,1434,870,2304
1290C1130,1375,464,1839
1290C1140,1164,728,1892
1290C1150,1409,447,1856
1290C1160,816,1638,2454
1290C1170,1066,762,1828
1290C1180,2110,746,2856
1290C1190,1097,986,2083
1290C1200,643,957,1600
1290C1210,1114,706,1820
1290C1220,262,2178,2440
1290C1230,363,2285,2648
1291A0010,1177,116,1293
1291A0020,750,73,823
1291A0030,1024,92,1116
1291A0040,1153,147,1300
1291A0050,996,146,1142
1291A0060,866,107,973
1291A0070,1005,127,1132
1291B2010,934,156,1090
1291B3010,808,182,990
1291B4010,895,79,974
1291B5010,755,146,901
1291C1010,1020,186,1206
1291C1020,1769,572,2341
1291C1030,1211,468,1679
1291C1040,1789,325,2114
1292A0010,737,113,850
1292A0020,1135,189,1324
1292A0030,2086,255,2341
1292A0040,1632,173,1805
1292B2010,1842,397,2239
1292B2020,1547,229,1776
1292B3010,896,147,1043
1292B3020,826,115,941
1292B4010,1139,347,1486
1292C1010,1808,336,2144
1292C1020,2159,275,2434
1292C1030,1301,825,2126
1292C1040,1926,583,2509
1292C1050,1397,235,1632
1292C1060,1563,844,2407
1292C1070,1398,372,1770
1292C1080,1614,310,1924
1292C1090,1066,363,1429
1292C1100,1769,244,2013
1292C1110,1916,375,2291
1292C1120,1677,214,1891
1292C1130,1455,127,1582
1292C1140,1858,136,1994
1292C1150,2083,234,2317
1293A0010,1361,194,1555
1293A0020,1420,198,1618
1293A0030,1392,107,1499
1293A0040,1243,126,1369
1293A0050,1099,164,1263
1293A0060,1128,169,1297
1293A0070,840,65,905
1293A0080,1031,187,1218
1293B2010,1147,371,1518
1293B2020,1456,247,1703
1293B2030,1156,478,1634
1293B3010,1000,127,1127
1293B3020,1785,192,1977
1293B3030,1083,99,1182
1293B4010,1023,353,1376
1293B4020,1173,410,1583
1293B5010,1481,423,1904
1293B6010,1428,427,1855
1293B7010,1373,446,1819
1293B8010,1041,125,1166
1293C1010,1460,526,1986
1293C1020,1056,397,1453
1293C1030,983,243,1226
1293C1040,1237,660,1897
1293C1050,1333,745,2078
1293C1060,1106,434,1540
1293C1070,1945,246,2191
1293C1080,1190,270,1460
1293C1090,1479,406,1885
1293C1100,415,1284,1699
1293C1110,1042,452,1494
1293C1120,1563,676,2239
1293C1130,1118,535,1653
1315A0010,934,224,1158
1315A0020,1076,241,1317
1315A0030,897,355,1252
1315A0040,1169,190,1359
1315B2010,943,370,1313
1315C1010,1390,963,2353
1315C1020,769,943,1712
1380A0010,1561,192,1753
1380A0020,1687,208,1895
1380A0030,1603,219,1822
1380A0040,1317,137,1454
1380A0050,1164,115,1279
1380A0060,1110,95,1205
1380A0070,1091,161,1252
1380B2010,2078,336,2414
1380B2020,1370,354,1724
1380B2030,1763,754,2517
1380B3010,1693,428,2121
1380B4010,1614,154,1768
1380C1010,1060,161,1221
1380C1020,1414,329,1743
1380C1030,883,604,1487
1380C1040,1609,157,1766
1380C1050,1242,835,2077
1380C1060,1519,207,1726
1380C1070,690,1004,1694
1380C1080,442,2237,2679
1380C1090,1407,446,1853
1380C1100,1720,433,2153
1380C1110,1452,411,1863
1380C1120,1743,327,2070
1380C1130,197,1902,2099
1380C1140,1842,191,2033
1380C1150,1001,390,1391
1380C1160,968,1335,2303
1380C1170,1004,457,1461
1380C1180,2213,266,2479
1380C1190,723,1436,2159
1380C1200,776,639,1415
1380C1210,638,929,1567
1380C1220,945,826,1771
1380C1230,1540,421,1961
1380C1240,841,725,1566
1380C1250,1683,447,2130
1380C1260,1793,196,1989
1380C1270,1281,417,1698
1380C1280,1746,926,2672
1380C1290,1697,661,2358
1380C1300,1434,417,1851
1380C1310,1370,302,1672
1380C1320,1110,1316,2426
1380C1330,1269,828,2097
1380C1340,1639,394,2033
1380C1350,1312,325,1637
1380C1360,1778,288,2066
1380C1370,1364,723,2087
1380C1380,2092,178,2270
1380C1390,1478,222,1700
1380C1400,1289,298,1587
1380C1410,1948,309,2257
1380C1420,1656,119,1775
1380C1430,1790,172,1962
1380C1440,1034,106,1140
1381A0010,1040,144,1184
1381A0020,1240,369,1609
1381A0030,1193,126,1319
1381A0040,1316,209,1525
1381A0050,1584,210,1794
1381A0060,836,113,949
1381B2010,2240,346,2586
1381B2020,2423,180,2603
1381B3010,739,161,900
1381B3020,1083,350,1433
1381B4010,895,363,1258
1381B5010,964,230,1194
1381C1010,1740,872,2612
1381C1020,1592,479,2071
1381C1030,1788,591,2379
1381C1040,858,301,1159
1382A0010,1771,151,1922
1382A0020,1441,256,1697
1382A0030,2022,322,2344
1382A0040,1082,93,1175
1382A0050,1449,214,1663
1382A0060,946,140,1086
1382A0070,1089,173,1262
1382A0080,1210,274,1484
1382A0090,1142,183,1325
1382B2010,1281,116,1397
1382B3010,939,244,1183
1382C1010,1562,210,1772
1382C1020,2928,280,3208
1382C1030,1960,353,2313
1382C1040,1122,410,1532
1382C1050,1084,192,1276
1382C1060,1563,724,2287
1382C1070,1908,646,2554
1382C1080,892,270,1162
1382C1090,1330,376,1706
1382C1100,1515,533,2048
1382C1110,731,167,898
1382C1120,1065,1117,2182
1382C1130,1021,460,1481
1382C1140,907,709,1616
1382C1150,2812,633,3445
1382C1160,810,189,999
1383A0010,1207,117,1324
1383A0020,1451,178,1629
1383A0030,2123,175,2298
1383A0040,1011,102,1113
1383A0050,1500,89,1589
1383A0060,999,95,1094
1383A0070,1865,189,2054
1383A0080,1342,143,1485
1383A0090,1540,163,1703
1383B2010,1592,408,2000
1383B2020,1117,157,1274
1383B3010,852,172,1024
1383B3020,1150,364,1514
1383B4010,1868,227,2095
1383B5010,2091,253,2344
1383B6010,1103,106,1209
1383B6020,794,72,866
1383C1010,1379,131,1510
1383C1020,1815,132,1947
1383C1030,856,81,937
1383C1040,1158,163,1321
1383C1050,2297,521,2818
1383C1060,1338,880,2218
1383C1070,1582,200,1782
1383C1080,1683,187,1870
1383C1090,1740,294,2034
1383C1100,1941,363,2304
1383C1110,1709,391,2100
1383C1120,2295,274,2569
1383C1130,1519,335,1854
1383C1140,1127,87,1214
1383C1150,2230,391,2621
1383C1160,1827,453,2280
1383C1170,1479,759,2238
1383C1180,1318,680,1998
1383C1190,2757,450,3207
1383C1200,2069,294,2363
1384A0010,1116,125,1241
1384A0020,1801,164,1965
1384A0030,1566,153,1719
1384A0040,1759,303,2062
1384A0050,1241,152,1393
1384B2010,1770,180,1950
1384B2020,1034,128,1162
1384B2030,2141,265,2406
1384B2040,2077,257,2334
1384B2050,1946,164,2110
1384B3010,1281,142,1423
1384B3020,1983,343,2326
1384C1010,2003,186,2189
1384C1020,2142,249,2391
1384C1030,1739,186,1925
1384C1040,1804,251,2055
1384C1050,2278,195,2473
1384C1060,1964,196,2160
1384C1070,2250,257,2507
1384C1080,1735,176,1911
1384C1090,1424,176,1600
1384C1100,1577,283,1860
1384C1110,2352,349,2701
1384C1120,1866,141,2007
1384C1130,1111,306,1417
1384C1140,1571,339,1910
1384C1150,1373,231,1604
1384C1160,1732,149,1881
1384C1170,1096,203,1299
1384C1180,1668,189,1857
1384C1190,1262,289,1551
1384C1200,1455,115,1570
1384C1210,1613,445,2058
1384C1220,1849,301,2150
1384C1230,1443,153,1596
1384C1240,1653,208,1861
1384C1250,2838,713,3551
1384C1260,2117,259,2376
1384C1270,1902,253,2155
1384C1280,1670,170,1840
1384C1290,2118,196,2314
1384C1300,894,105,999
1384C1310,1671,216,1887
1384C1320,1866,189,2055
1401A0010,1994,347,2341
1401A0020,1348,256,1604
1401B2010,1437,275,1712
1401B2020,1203,189,1392
1401B3010,1514,344,1858
1401C1010,1689,264,1953
1401C1020,1518,267,1785
1401C1030,1425,192,1617
1401C1040,1910,310,2220
1401C1050,1822,251,2073
1401C1060,1436,442,1878
1401C1070,1196,205,1401
1401C1080,1891,522,2413
1401C1090,1483,323,1806
1401C1100,1295,991,2286
1401C1110,1360,282,1642
1401C1120,1415,404,1819
1401C1130,2048,226,2274
1401C1140,1814,284,2098
1401C1150,1948,381,2329
1401C1160,1025,236,1261
1402C1010,2460,393,2853
1402C1020,2066,518,2584
1402C1030,1874,296,2170
1402C1040,1771,405,2176
1402C1050,1654,787,2441
1402C1060,1606,462,2068
1402C1070,1440,332,1772
1402C1080,1106,518,1624
1402C1090,1508,355,1863
1402C1100,1846,480,2326
1402C1110,1915,409,2324
1402C1120,897,780,1677
1402C1130,1266,880,2146
1402C1140,741,1394,2135
1402C1150,1331,1195,2526
1402C1160,2100,522,2622
1402C1170,1426,883,2309
1402C1180,1619,617,2236
1407A0010,885,72,957
1407A0020,1620,127,1747
1407A0030,1199,71,1270
1407C1010,1441,126,1567
1407C1020,1804,155,1959
1407C1030,1530,147,1677
1407C1040,1708,172,1880
1407C1050,1600,143,1743
1415A0010,1225,125,1350
1415A0020,1994,309,2303
1415A0030,1195,138,1333
1415C1010,1909,193,2102
1415C1020,1983,177,2160
1415C1030,1871,148,2019
1415C1040,1705,181,1886
1415C1050,1346,154,1500
1415C1060,1138,181,1319
1415C1070,1132,1032,2164
1415C1080,1335,188,1523
1415C1090,1676,355,2031
1415C1100,2032,438,2470
1415C1110,1554,353,1907
1415C1120,1642,161,1803
1419A0010,1337,134,1471
1419A0020,1085,269,1354
1419A0030,1381,194,1575
1419B2010,1883,256,2139
1419B2020,1417,162,1579
1419B3010,1340,117,1457
1419C1010,1759,185,1944
1419C1020,931,76,1007
1419C1030,1808,199,2007
1419C1040,1470,272,1742
1421A0010,1225,81,1306
1421A0020,1002,63,1065
1421A0030,1070,77,1147
1421A0040,897,92,989
1421A0050,1073,86,1159
1421A0060,1213,120,1333
1421B2010,1901,305,2206
1421B3010,1022,152,1174
1421B4010,887,175,1062
1421B5010,1290,154,1444
1421C1010,987,162,1149
1421C1020,1157,224,1381
1427A0010,1364,157,1521
1427A0020,1212,111,1323
1427A0030,1374,145,1519
1427B2010,2263,346,2609
1427C1010,1808,380,2188
1430A0010,1627,155,1782
1430A0020,1213,196,1409
1430A0030,1342,158,1500
1430A0040,1308,175,1483
1430C1010,1979,694,2673
1430C1020,1548,183,1731
1435A0010,1691,147,1838
1435A0020,1531,107,1638
1435A0030,1639,220,1859
1435A0040,1780,216,1996
1435A0050,1341,157,1498
1435B2010,1841,241,2082
1435C1010,1281,821,2102
1438A0010,1405,235,1640
1438C1010,743,131,874
1438C1020,1741,395,2136
1439A0010,1484,240,1724
1439A0020,1791,250,2041
1439C1010,1174,217,1391
1439C1020,1161,195,1356
1440A0010,2036,270,2306
1440A0020,1642,190,1832
1440B2010,945,733,1678
1440B2020,990,646,1636
1440B2030,1209,689,1898
1440B2040,919,516,1435
1440B3010,788,196,984
1440C1010,1610,504,2114
1440C1020,1116,357,1473
1440C1030,1074,1270,2344
1440C1040,1157,323,1480
1440C1050,1597,677,2274
1440C1060,1743,312,2055
1440C1070,2038,527,2565
1440C1080,1831,465,2296
1440C1090,1348,313,1661
1440C1100,1920,443,2363
1441A0010,2243,360,2603
1441B2010,2138,447,2585
1441B2020,1005,189,1194
1441B2030,1789,719,2508
1441B2040,1710,393,2103
1441B3010,901,127,1028
1441B4010,850,298,1148
1441C1010,1419,243,1662
1441C1020,1413,314,1727
1441C1030,2070,232,2302
1441C1040,1755,257,2012
1441C1050,1817,179,1996
1441C1060,1087,212,1299
1441C1070,1513,201,1714
1441C1080,1678,222,1900
1441C1090,1843,214,2057
1441C1100,985,162,1147
1441C1110,1954,341,2295
1441C1120,1840,386,2226
1441C1130,878,146,1024
1441C1140,1476,272,1748
1441C1150,1459,210,1669
1441C1160,1557,161,1718
1441C1170,1637,234,1871
1442A0010,2017,112,2129
1442A0020,1413,133,1546
1442A0030,2149,216,2365
1442C1010,900,272,1172
1442C1020,1415,417,1832
1442C1030,1150,904,2054
1442C1040,1010,160,1170
1443A0010,846,87,933
1443A0020,1482,170,1652
1443A0030,1071,152,1223
1443B2010,774,248,1022
1443C1010,1773,357,2130
1443C1020,2422,321,2743
1444A0010,1070,116,1186
1444A0020,1203,106,1309
1444C1010,1474,116,1590
1444C1020,1364,197,1561
1445A0010,1944,176,2120
1445A0020,1402,124,1526
1445C1010,1691,380,2071
1446A0010,993,95,1088
1446A0020,818,132,950
1446B2010,1001,96,1097
1446C1010,1848,267,2115
1446C1020,1637,170,1807
1447A0010,747,101,848
1447A0020,1148,213,1361
1447B2010,1214,462,1676
1447C1010,983,326,1309
1452A0010,782,147,929
1452A0020,1420,286,1706
1452A0030,1090,107,1197
1452A0040,1423,301,1724
1452B2010,1213,609,1822
1452B3010,973,172,1145
1452C1010,630,527,1157
1452C1020,821,437,1258
1452C1030,844,158,1002
1460A0010,1496,245,1741
1460A0020,1684,253,1937
1460B2010,1102,262,1364
1460B3010,616,434,1050
1460C1010,892,589,1481
1460C1020,1392,290,1682
1461A0010,1366,123,1489
1461A0020,1726,242,1968
1461A0030,1241,307,1548
1461C1010,1503,417,1920
1461C1020,1322,1016,2338
1462A0010,1082,184,1266
1462A0020,1722,345,2067
1462A0030,1897,234,2131
1462B2010,1602,388,1990
1462C1010,817,473,1290
1462C1020,1534,871,2405
1462C1030,1387,433,1820
1462C1040,840,619,1459
1463A0010,1169,160,1329
1463A0020,1981,220,2201
1463A0030,1796,272,2068
1463A0040,1612,188,1800
1463A0050,1638,266,1904
1463A0060,926,106,1032
1463A0070,1738,169,1907
1463A0080,1440,219,1659
1463B2010,944,118,1062
1463B2020,1094,325,1419
1463B3010,1405,142,1547
1463B4010,1180,177,1357
1463C1010,1764,238,2002
1463C1020,981,696,1677
1463C1030,1185,841,2026
1463C1040,1592,521,2113
1463C1050,1538,337,1875
1463C1060,730,65,795
1463C1070,930,89,1019
1463C1080,1246,320,1566
1463C1090,939,602,1541
1463C1100,1177,253,1430
1465A0010,1244,229,1473
1465A0020,2232,424,2656
1465A0030,1466,237,1703
1465A0040,989,180,1169
1465C1010,1623,718,2341
1465C1020,1082,392,1474
1466A0010,793,75,868
1466A0020,1278,126,1404
1466A0030,757,95,852
1466A0040,821,65,886
1466B2010,1078,212,1290
1466C1010,1527,267,1794
1466C1020,1736,687,2423
1470A0010,1009,83,1092
1470A0020,1211,155,1366
1470A0030,1558,153,1711
1470A0040,802,73,875
1470A0050,1756,258,2014
1470A0060,1595,179,1774
1470B2010,1052,367,1419
1470B3010,797,204,1001
1470C1010,1800,601,2401
1470C1020,2201,309,2510
1471A0010,953,88,1041
1471A0020,977,87,1064
1471A0030,975,77,1052
1471A0040,1885,165,2050
1471B2010,1782,181,1963
1471B3010,818,95,913
1471C1010,1229,375,1604
1471C1020,1268,158,1426
1471C1030,552,454,1006
1471C1040,916,240,1156
1472A0010,2434,144,2578
1472C1010,1377,182,1559
1472C1020,1217,477,1694
1472C1030,1812,414,2226
1472C1040,1225,398,1623
1472C1050,997,722,1719
1473A0010,1668,249,1917
1473A0020,1122,113,1235
1473A0030,1013,163,1176
1473C1010,1437,524,1961
1473C1020,1439,139,1578
1473C1030,945,374,1319
1480A0010,1783,116,1899
1480A0020,1179,139,1318
1480A0030,2081,593,2674
1480A0040,796,220,1016
1480A0050,740,289,1029
1480B2010,1345,137,1482
1480C1010,2637,250,2887
1480C1020,2078,204,2282
1480C1030,2808,589,3397
1480C1040,1543,138,1681
1480C1050,1590,280,1870
1480C1060,1849,429,2278
1480C1070,1550,423,1973
1480C1080,1235,194,1429
1480C1090,1559,276,1835
1480C1100,1920,329,2249
1480C1110,1365,533,1898
1480C1120,1991,656,2647
1480C1130,1361,267,1628
1480C1140,1760,278,2038
1480C1150,1152,390,1542
1480C1160,2004,948,2952
1480C1170,745,685,1430
1480C1180,1730,187,1917
1480C1190,1086,766,1852
1480C1200,1688,352,2040
1480C1210,793,1037,1830
1480C1220,943,1027,1970
1480C1230,677,1515,2192
1480C1240,627,1467,2094
1480C1250,658,1686,2344
1480C1260,1391,165,1556
1480C1270,900,733,1633
1480C1280,567,1616,2183
1480C1290,2159,375,2534
1480C1300,596,611,1207
1480C1310,1422,1288,2710
1480C1320,1370,539,1909
1480C1330,1694,660,2354
1480C1340,534,1489,2023
1480C1350,737,1271,2008
1480C1360,1208,538,1746
1480C1370,652,947,1599
1480C1380,1782,672,2454
1480C1390,1732,163,1895
1480C1400,994,267,1261
1480C1410,1677,256,1933
1480C1420,2042,1236,3278
1480C1430,1159,442,1601
1480C1440,1950,379,2329
1480C1450,1647,888,2535
1480C1460,1009,629,1638
1480C1470,1831,278,2109
1480C1480,1298,707,2005
1480C1490,1186,464,1650
1480C1500,1529,707,2236
1480C1510,1468,634,2102
1480C1520,1780,625,2405
1480C1530,1793,276,2069
1480C1540,1223,330,1553
1480C1550,1432,1123,2555
1480C1560,1713,296,2009
1480C1570,1742,1449,3191
1480C1580,1763,266,2029
1480C1590,1132,386,1518
1480C1600,1541,603,2144
1480C1610,1399,728,2127
1480C1620,2107,941,3048
1480C1630,1401,593,1994
1480C1640,1542,225,1767
1480C1650,1081,430,1511
1480C1660,944,584,1528
1480C1670,1489,532,2021
1480C1680,1869,705,2574
1480C1690,2252,594,2846
1480C1700,1742,313,2055
1480C1710,1725,261,1986
1480C1720,976,391,1367
1480C1730,1289,364,1653
1480C1740,657,1125,1782
1480C1750,1382,344,1726
1480C1760,1286,368,1654
1480C1770,1264,503,1767
1480C1780,1700,344,2044
1480C1790,1291,302,1593
1480C1800,1176,367,1543
1480C1810,1486,344,1830
1480C1820,1258,316,1574
1480C1830,1850,534,2384
1480C1840,1190,274,1464
1480C1850,1814,593,2407
1480C1860,1254,638,1892
1480C1870,1607,476,2083
1480C1880,1609,427,2036
1480C1890,1038,506,1544
1480C1900,1696,422,2118
1480C1910,1832,340,2172
1480C1920,1039,203,1242
1480C1930,1148,302,1450
1480C1940,1225,331,1556
1480C1950,1340,369,1709
1480C1960,1579,430,2009
1480C1970,1175,569,1744
1480C1980,1359,296,1655
1480C1990,1160,287,1447
1480C2000,1729,437,2166
1480C2010,1334,334,1668
1480C2020,1686,447,2133
1480C2030,1622,375,1997
1480C2040,1843,152,1995
1480C2050,1648,273,1921
1480C2060,1186,249,1435
1480C2070,992,324,1316
1480C2080,1343,279,1622
1480C2090,1312,391,1703
1480C2100,1542,441,1983
1480C2110,1442,371,1813
1480C2120,1596,416,2012
1480C2130,1169,384,1553
1480C2140,2433,276,2709
1480C2150,1378,441,1819
1480C2160,1345,513,1858
1480C2170,1184,504,1688
1480C2180,1234,297,1531
1480C2190,1081,304,1385
1480C2200,1245,305,1550
1480C2210,1543,587,2130
1480C2220,1188,356,1544
1480C2230,1364,519,1883
1480C2240,1490,503,1993
1480C2250,1405,431,1836
1480C2260,861,466,1327
1480C2270,2809,494,3303
1480C2280,1248,519,1767
1480C2290,1294,493,1787
1480C2300,994,530,1524
1480C2310,1108,148,1256
1480C2320,1439,404,1843
1480C2330,990,362,1352
1480C2340,938,291,1229
1480C2350,1172,424,1596
1480C2360,1672,814,2486
1480C2370,1430,572,2002
1480C2380,1151,487,1638
1480C2390,1101,440,1541
1480C2400,1418,410,1828
1480C2410,1114,435,1549
1480C2420,1568,390,1958
1480C2430,1179,543,1722
1480C2440,1535,437,1972
1480C2450,2027,600,2627
1480C2460,1428,661,2089
1480C2470,1248,551,1799
1480C2480,1103,335,1438
1480C2490,1272,561,1833
1480C2500,1417,343,1760
1480C2510,1033,490,1523
1480C2520,751,503,1254
1480C2530,1327,621,1948
1480C2540,1611,349,1960
1480C2550,1403,315,1718
1480C2560,1747,1573,3320
1480C2570,1880,194,2074
1480C2580,1265,324,1589
1480C2590,2097,577,2674
1480C2600,1001,345,1346
1480C2610,1128,268,1396
1480C2620,988,619,1607
1480C2630,503,1736,2239
1480C2640,1385,218,1603
1480C2650,1363,615,1978
1480C2660,384,1410,1794
1480C2670,1501,562,2063
1480C2680,988,245,1233
1480C2690,1035,842,1877
1480C2700,987,530,1517
1480C2710,672,1166,1838
1480C2720,2303,275,2578
1480C2730,1135,737,1872
1480C2740,1273,371,1644
1480C2750,1131,712,1843
1480C2760,1118,196,1314
1480C2770,1403,349,1752
1480C2780,1145,640,1785
1480C2790,1088,386,1474
1480C2800,834,561,1395
1480C2810,897,742,1639
1480C2820,464,2178,2642
1480C2830,1371,268,1639
1480C2840,1747,562,2309
1480C2850,1184,1066,2250
1480C2860,1670,631,2301
1480C2870,1177,257,1434
1480C2880,924,562,1486
1480C2890,1000,1368,2368
1480C2900,357,1336,1693
1480C2910,1462,462,1924
1480C2920,979,268,1247
1480C2930,759,659,1418
1480C2940,985,770,1755
1480C2950,1833,1897,3730
1480C2960,1039,699,1738
1480C2970,1026,1636,2662
1480C2980,1614,259,1873
1480C2990,1389,1001,2390
1480C3000,938,738,1676
1480C3010,1336,279,1615
1480C3020,364,1726,2090
1480C3030,1184,379,1563
1480C3040,1255,1934,3189
1480C3050,196,2233,2429
1480C3060,1169,1053,2222
1480C3070,63,860,923
1480C3080,837,1495,2332
1480C3090,916,555,1471
1480C3100,1183,961,2144
1480C3110,2219,262,2481
1480C3120,619,1487,2106
1480C3130,578,1823,2401
1480C3140,308,1614,1922
1480C3150,1416,680,2096
1480C3160,1333,1294,2627
1480C3170,1728,222,1950
1480C3180,1761,254,2015
1480C3190,1256,355,1611
1480C3200,975,637,1612
1480C3210,1033,1544,2577
1480C3220,2123,1686,3809
1480C3230,1035,1259,2294
1480C3240,1935,583,2518
1480C3250,1858,367,2225
1480C3260,1043,1070,2113
1480C3270,608,1275,1883
1480C3280,1076,968,2044
1480C3290,649,1920,2569
1480C3300,580,1558,2138
1480C3310,855,1079,1934
1480C3320,943,804,1747
1480C3330,1543,275,1818
1480C3340,2018,261,2279
1480C3350,537,1121,1658
1480C3360,1928,1012,2940
1480C3370,634,1272,1906
1480C3380,639,1368,2007
1480C3390,379,2105,2484
1480C3400,286,2594,2880
1480C3410,640,1391,2031
1480C3420,1421,692,2113
1480C3430,738,1547,2285
1480C3440,471,953,1424
1480C3450,1165,1382,2547
1480C3460,913,1302,2215
1480C3470,1203,463,1666
1480C3480,615,1258,1873
1480C3490,1046,624,1670
1480C3500,161,1266,1427
1480C3510,175,1519,1694
1480C3520,1519,612,2131
1480C3530,115,1369,1484
1480C3540,896,1431,2327
1480C3550,814,1572,2386
1480C3560,394,2987,3381
1480C3570,833,1607,2440
1480C3580,543,856,1399
1480C3590,2005,1041,3046
1480C3600,425,1670,2095
1480C3610,787,1584,2371
1480C3620,1439,640,2079
1480C3630,1727,305,2032
1480C3640,118,1495,1613
1480C3650,396,863,1259
1480C3660,324,1379,1703
1480C3670,127,1478,1605
1480C3680,244,1719,1963
1480C3690,146,1809,1955
1480C3700,138,784,922
1480C3710,316,1556,1872
1480C3720,1323,1138,2461
1480C3730,133,2130,2263
1480C3740,2459,367,2826
1480C3750,157,682,839
1480C3760,187,549,736
1480C3770,286,2420,2706
1480C3780,1124,426,1550
1480C3790,359,652,1011
1480C3800,1980,783,2763
1480C3810,1031,668,1699
1480C3820,1053,482,1535
1480C3830,440,1861,2301
1480C3840,1014,663,1677
1480C3850,892,540,1432
1480C3860,544,2140,2684
1480C3870,124,1293,1417
1480C3880,572,1896,2468
1480C3890,295,2260,2555
1480C3900,312,2223,2535
1480C3910,665,1879,2544
1480C3920,1624,533,2157
1480C3930,163,1575,1738
1480C3940,141,1395,1536
1480C3950,183,1274,1457
1480C3960,353,1609,1962
1480C3970,267,1366,1633
1480C3980,1692,416,2108
1480C3990,207,1499,1706
1480C4000,220,1305,1525
1481A0010,1780,261,2041
1481C1010,1271,236,1507
1481C1020,1271,248,1519
1481C1030,1376,239,1615
1481C1040,1078,261,1339
1481C1050,1226,446,1672
1481C1060,1233,228,1461
1481C1070,1118,246,1364
1481C1080,1153,350,1503
1481C1090,1270,219,1489
1481C1100,1390,447,1837
1481C1110,1519,378,1897
1481C1120,993,313,1306
1481C1130,1118,790,1908
1481C1140,1566,652,2218
1481C1150,818,536,1354
1481C1160,1102,535,1637
1481C1170,1178,270,1448
1481C1180,828,609,1437
1481C1190,806,446,1252
1481C1200,2196,994,3190
1481C1210,1254,431,1685
1481C1220,1227,711,1938
1481C1230,1541,342,1883
1481C1240,1108,421,1529
1481C1250,944,372,1316
1481C1260,1244,151,1395
1481C1270,1196,476,1672
1481C1280,1374,364,1738
1481C1290,1233,204,1437
1481C1300,1285,455,1740
1481C1310,1312,642,1954
1481C1320,718,580,1298
1481C1330,1416,639,2055
1481C1340,1973,818,2791
1481C1350,1113,353,1466
1481C1360,1804,363,2167
1481C1370,1490,683,2173
1481C1380,1174,374,1548
1481C1390,1395,449,1844
1481C1400,1147,339,1486
1482A0010,985,127,1112
1482A0020,1699,154,1853
1482A0030,2261,244,2505
1482A0040,1571,108,1679
1482A0050,936,100,1036
1482A0060,972,76,1048
1482A0070,932,63,995
1482A0080,1368,203,1571
1482B2010,1456,106,1562
1482B2020,855,75,930
1482B2030,1676,211,1887
1482B2040,744,52,796
1482B3010,1499,262,1761
1482B4010,1263,119,1382
1482C1010,2354,336,2690
1482C1020,1662,352,2014
1482C1030,1384,217,1601
1482C1040,1651,262,1913
1482C1050,1210,167,1377
1482C1060,879,744,1623
1482C1070,767,316,1083
1482C1080,1244,248,1492
1482C1090,1179,724,1903
1482C1100,965,230,1195
1482C1110,1580,285,1865
1482C1120,989,133,1122
1482C1130,1960,545,2505
1482C1140,1541,307,1848
1482C1150,1724,369,2093
1482C1160,2351,276,2627
1484A0010,1333,102,1435
1484A0020,1103,89,1192
1484A0030,1541,152,1693
1484B2010,2021,316,2337
1484C1010,1236,184,1420
1484C1020,1393,342,1735
1484C1030,644,737,1381
1484C1040,1143,326,1469
1484C1050,1364,144,1508
1485A0010,2695,349,3044
1485A0020,1078,79,1157
1485A0030,1481,128,1609
1485A0040,1728,196,1924
1485A0050,940,88,1028
1485A0060,1563,84,1647
1485A0070,1526,180,1706
1485B2010,1190,151,1341
1485B2020,986,75,1061
1485B2030,2369,314,2683
1485C1010,1371,91,1462
1485C1020,1470,464,1934
1485C1030,1683,163,1846
1485C1040,1606,193,1799
1485C1050,1457,394,1851
1485C1060,1263,466,1729
1485C1070,961,1383,2344
1485C1080,1332,136,1468
1485C1090,1566,698,2264
1485C1100,1174,236,1410
1485C1110,1031,265,1296
1485C1120,953,204,1157
1485C1130,1505,766,2271
1485C1140,1041,202,1243
1485C1150,1256,479,1735
1485C1160,980,812,1792
1485C1170,1265,133,1398
1485C1180,1380,445,1825
1485C1190,947,372,1319
1485C1200,949,559,1508
1485C1210,1371,361,1732
1485C1220,381,1443,1824
1485C1230,836,474,1310
1485C1240,364,1201,1565
1486A0010,1383,349,1732
1486A0020,1656,709,2365
1486A0030,629,516,1145
1486C1010,907,436,1343
1486C1020,1403,538,1941
1486C1030,1444,1171,2615
1486C1040,1392,757,2149
1487A0010,1561,159,1720
1487A0020,707,72,779
1487A0030,1767,197,1964
1487A0040,1422,88,1510
1487A0050,1911,117,2028
1487B2010,1245,322,1567
1487C1010,1107,163,1270
1487C1020,1477,357,1834
1487C1030,1365,267,1632
1487C1040,1223,182,1405
1487C1050,1338,189,1527
1487C1060,1172,356,1528
1487C1070,609,802,1411
1487C1080,1342,408,1750
1487C1090,401,1466,1867
1487C1100,1422,137,1559
1487C1110,570,368,938
1487C1120,2107,231,2338
1487C1130,565,674,1239
1487C1140,1180,202,1382
1487C1150,1741,487,2228
1487C1160,938,532,1470
1487C1170,1189,254,1443
1487C1180,1749,155,1904
1487C1190,1452,159,1611
1488A0010,1039,124,1163
1488A0020,722,97,819
1488A0030,1876,170,2046
1488A0040,2056,303,2359
1488B2010,1977,333,2310
1488C1010,853,1617,2470
1488C1020,947,937,1884
1488C1030,689,1123,1812
1488C1040,1751,345,2096
1488C1050,490,1517,2007
1488C1060,314,1121,1435
1488C1070,125,1039,1164
1488C1080,1749,721,2470
1488C1090,148,1168,1316
1488C1100,374,1286,1660
1488C1110,1299,1039,2338
1488C1120,1649,148,1797
1488C1130,1440,442,1882
1488C1140,1653,268,1921
1488C1150,768,396,1164
1488C1160,1138,546,1684
1488C1170,1182,401,1583
1488C1180,1948,698,2646
1488C1190,1337,354,1691
1488C1200,1961,232,2193
1488C1210,1585,228,1813
1488C1220,1153,254,1407
1488C1230,2435,271,2706
1488C1240,1329,186,1515
1488C1250,1232,194,1426
1488C1260,1748,373,2121
1488C1270,1800,576,2376
1489A0010,1619,159,1778
1489A0020,1237,143,1380
1489A0030,1037,93,1130
1489A0040,1423,140,1563
1489A0050,2217,252,2469
1489B2010,2424,274,2698
1489B2020,1654,177,1831
1489B3010,1327,219,1546
1489C1010,1915,268,2183
1489C1020,2298,355,2653
1489C1030,1393,138,1531
1489C1040,1800,332,2132
1489C1050,1824,257,2081
1489C1060,1443,168,1611
1489C1070,1835,675,2510
1489C1080,1705,260,1965
1489C1090,1131,718,1849
1489C1100,1196,655,1851
1489C1110,881,486,1367
1489C1120,1117,163,1280
1489C1130,1044,224,1268
1489C1140,1581,314,1895
1489C1150,1405,223,1628
1490A0010,805,76,881
1490A0020,1073,164,1237
1490A0030,1291,246,1537
1490A0040,963,136,1099
1490A0050,869,87,956
1490A0060,1196,157,1353
1490A0070,1890,322,2212
1490A0080,1176,129,1305
1490A0090,792,87,879
1490A0100,1230,171,1401
1490B2010,912,189,1101
1490B2020,641,441,1082
1490B2030,1129,464,1593
1490B2040,1079,459,1538
1490B3010,1345,235,1580
1490B3020,1377,251,1628
1490B3030,706,149,855
1490B4010,774,198,972
1490B4020,1435,300,1735
1490C1010,1758,634,2392
1490C1020,493,728,1221
1490C1030,934,444,1378
1490C1040,1163,472,1635
1490C1050,1201,901,2102
1490C1060,761,299,1060
1490C1070,1093,451,1544
1490C1080,780,475,1255
1490C1090,750,289,1039
1490C1100,969,239,1208
1490C1110,645,1056,1701
1490C1120,1658,925,2583
1490C1130,1146,379,1525
1490C1140,998,578,1576
1490C1150,1854,567,2421
1490C1160,1078,190,1268
1490C1170,1949,324,2273
1490C1180,462,995,1457
1490C1190,1271,473,1744
1490C1200,1118,266,1384
1490C1210,232,1379,1611
1490C1220,1092,491,1583
1490C1230,1159,526,1685
1490C1240,732,294,1026
1490C1250,718,141,859
1490C1260,1227,395,1622
1490C1270,857,542,1399
1490C1280,774,209,983
1490C1290,321,1910,2231
1490C1300,307,2057,2364
1490C1310,1260,255,1515
1490C1320,1088,353,1441
1490C1330,729,300,1029
1490C1340,129,1535,1664
1490C1350,362,1220,1582
1490C1360,922,194,1116
1490C1370,231,1615,1846
1490C1380,736,195,931
1490C1390,942,178,1120
1490C1400,1321,432,1753
1490C1410,1232,408,1640
1490C1420,727,1184,1911
1490C1430,1393,391,1784
1490C1440,1216,407,1623
1490C1450,1782,441,2223
1490C1460,1101,506,1607
1490C1470,372,604,976
1490C1480,575,509,1084
1490C1490,490,354,844
1490C1500,762,1022,1784
1490C1510,424,576,1000
1490C1520,940,1050,1990
1490C1530,1146,802,1948
1490C1540,1350,378,1728
1490C1550,884,157,1041
1490C1560,1053,292,1345
1490C1570,1530,218,1748
1490C1580,935,164,1099
1491A0010,2156,454,2610
1491A0020,2011,404,2415
1491A0030,1326,158,1484
1491A0040,2264,288,2552
1491A0050,1879,206,2085
1491A0060,772,92,864
1491B2010,991,288,1279
1491C1010,1263,414,1677
1491C1020,1732,231,1963
1491C1030,1414,172,1586
1491C1040,1449,435,1884
1491C1050,1181,661,1842
1491C1060,1107,198,1305
1491C1070,1195,367,1562
1492A0010,1797,234,2031
1492A0020,949,54,1003
1492C1010,1433,310,1743
1492C1020,1422,219,1641
1492C1030,1379,873,2252
1492C1040,1617,407,2024
1492C1050,1346,176,1522
1493A0010,1892,110,2002
1493A0020,1390,161,1551
1493A0030,1674,185,1859
1493A0040,1380,156,1536
1493C1010,847,56,903
1493C1020,1217,209,1426
1493C1030,1010,183,1193
1493C1040,863,355,1218
1493C1050,1629,909,2538
1493C1060,1492,262,1754
1493C1070,1391,173,1564
1493C1080,1799,502,2301
1493C1090,1073,192,1265
1493C1100,1897,193,2090
1493C1110,1352,216,1568
1494A0010,1209,135,1344
1494A0020,1982,101,2083
1494A0030,1511,83,1594
1494A0040,953,69,1022
1494A0050,2006,99,2105
1494A0060,1226,56,1282
1494A0070,1649,71,1720
1494B2010,1072,92,1164
1494C1010,1748,132,1880
1494C1020,1320,516,1836
1494C1030,1539,247,1786
1494C1040,1117,732,1849
1494C1050,1779,363,2142
1494C1060,1174,561,1735
1494C1070,1136,348,1484
1494C1080,1529,160,1689
1494C1090,1647,133,1780
1494C1100,1589,447,2036
1494C1110,1293,480,1773
1494C1120,1589,332,1921
1494C1130,1250,487,1737
1494C1140,1516,74,1590
1494C1150,2724,181,2905
1495A0010,1438,200,1638
1495A0020,1929,176,2105
1495A0030,1887,172,2059
1495B2010,1017,193,1210
1495C1010,986,151,1137
1495C1020,891,897,1788
1495C1030,1081,303,1384
1495C1040,939,250,1189
1495C1050,1294,664,1958
1495C1060,1410,248,1658
1495C1070,1803,826,2629
1496A0010,1519,158,1677
1496A0020,1075,73,1148
1496A0030,1964,327,2291
1496A0040,1177,93,1270
1496A0050,1393,97,1490
1496A0060,1976,119,2095
1496A0070,1195,76,1271
1496B2010,1483,82,1565
1496B3010,923,206,1129
1496C1010,1728,310,2038
1496C1020,1759,188,1947
1496C1030,1729,230,1959
1496C1040,973,479,1452
1496C1050,1764,330,2094
1496C1060,1619,225,1844
1496C1070,1803,385,2188
1496C1080,1408,394,1802
1496C1090,1660,704,2364
1496C1100,2183,329,2512
1496C1110,866,195,1061
1496C1120,1508,635,2143
1496C1130,1132,631,1763
1496C1140,1142,197,1339
1496C1150,1206,492,1698
1496C1160,1860,498,2358
1496C1170,2197,481,2678
1496C1180,2415,860,3275
1496C1190,935,142,1077
1496C1200,581,1633,2214
1496C1210,720,956,1676
1496C1220,996,1049,2045
1497A0010,1674,185,1859
1497A0020,820,71,891
1497C1010,1682,197,1879
1497C1020,1353,114,1467
1497C1030,1291,156,1447
1497C1040,1444,256,1700
1498A0010,1559,156,1715
1498A0020,1684,146,1830
1498A0030,824,72,896
1498C1010,1432,386,1818
1498C1020,1584,223,1807
1498C1030,1072,90,1162
1498C1040,1439,498,1937
1498C1050,1451,223,1674
1499A0010,1612,143,1755
1499A0020,2268,157,2425
1499A0030,1146,47,1193
1499A0040,1100,51,1151
1499A0050,1643,98,1741
1499A0060,1443,99,1542
1499A0070,765,62,827
1499B2010,1590,355,1945
1499B3010,1369,272,1641
1499B4010,868,122,990
1499C1010,2168,484,2652
1499C1020,1017,664,1681
1499C1030,1745,572,2317
1499C1040,1083,736,1819
1499C1050,1013,805,1818
1499C1060,1943,209,2152
1499C1070,1648,155,1803
1499C1080,1496,1297,2793
1499C1090,554,453,1007
1715A0010,957,64,1021
1715A0020,944,67,1011
1715A0030,1568,96,1664
1715C1010,1916,208,2124
1715C1020,1831,494,2325
1715C1030,1965,131,2096
1715C1040,1749,125,1874
1730A0010,1214,350,1564
1730A0020,961,210,1171
1730A0030,1418,416,1834
1730B2010,924,468,1392
1730C1010,1281,1293,2574
1737A0010,855,93,948
1737A0020,923,161,1084
1737A0030,1473,180,1653
1737A0040,1293,229,1522
1737A0050,773,229,1002
1737C1010,1384,247,1631
1737C1020,1242,214,1456
1737C1030,1683,432,2115
1760A0010,1690,214,1904
1760C1010,1426,552,1978
1761A0010,1260,103,1363
1761C1010,1730,232,1962
1761C1020,1759,87,1846
1761C1030,1728,110,1838
1761C1040,1474,339,1813
1761C1050,1473,268,1741
1761C1060,1995,129,2124
1761C1070,1964,139,2103
1761C1080,1883,147,2030
1762A0010,557,115,672
1762C1010,906,184,1090
1762C1020,1601,338,1939
1763A0010,1566,139,1705
1763B2010,1533,234,1767
1763B2020,1057,110,1167
1763C1010,2193,191,2384
1763C1020,2248,175,2423
1763C1030,1719,413,2132
1764A0010,1023,141,1164
1764A0020,1620,151,1771
1764C1010,918,203,1121
1764C1020,1355,195,1550
1764C1030,813,194,1007
1764C1040,1192,232,1424
1764C1050,899,169,1068
1765A0010,842,105,947
1765A0020,1247,149,1396
1765A0030,1154,294,1448
1765A0040,1027,260,1287
1765B2010,702,684,1386
1765C1010,823,233,1056
1765C1020,539,305,844
1765C1030,1053,497,1550
1766A0010,1698,140,1838
1766A0020,752,104,856
1766A0030,1815,195,2010
1766A0040,1023,166,1189
1766A0050,962,57,1019
1766A0060,1169,123,1292
1766C1010,1352,293,1645
1766C1020,1007,246,1253
1766C1030,1120,178,1298
1766C1040,910,108,1018
1780A0010,1053,99,1152
1780A0020,1880,129,2009
1780A0030,1236,85,1321
1780A0040,1380,71,1451
1780A0050,858,53,911
1780A0060,1538,128,1666
1780B2010,1075,215,1290
1780B2020,1473,429,1902
1780B3010,1850,322,2172
1780B4010,814,192,1006
1780C1010,1932,237,2169
1780C1020,1326,598,1924
1780C1030,2119,320,2439
1780C1040,4043,718,4761
1780C1050,1460,224,1684
1780C1060,1411,204,1615
1780C1070,1726,189,1915
1780C1080,1662,211,1873
1780C1090,1363,322,1685
1780C1100,1483,299,1782
1780C1110,1032,931,1963
1780C1120,1356,188,1544
1780C1130,1589,193,1782
1780C1140,1355,335,1690
1780C1150,1502,202,1704
1780C1160,916,722,1638
1780C1170,1743,397,2140
1780C1180,1064,922,1986
1780C1190,1771,209,1980
1780C1200,1632,276,1908
1780C1210,1629,187,1816
1780C1220,1432,198,1630
1780C1230,1501,201,1702
1780C1240,1655,140,1795
1780C1250,747,1244,1991
1780C1260,1205,128,1333
1780C1270,1159,573,1732
1780C1280,995,82,1077
1780C1290,1493,246,1739
1780C1300,584,1020,1604
1780C1310,1488,151,1639
1780C1320,1230,575,1805
1780C1330,757,777,1534
1780C1340,1404,861,2265
1780C1350,1304,120,1424
1780C1360,1713,129,1842
1780C1370,1502,1053,2555
1780C1380,1840,267,2107
1780C1390,2183,150,2333
1780C1400,2403,435,2838
1780C1410,1167,103,1270
1780C1420,2248,165,2413
1780C1430,899,61,960
1781A0010,1789,229,2018
1781A0020,960,65,1025
1781A0030,1285,83,1368
1781B2010,787,309,1096
1781C1010,1624,293,1917
1781C1020,1562,352,1914
1781C1030,840,115,955
1781C1040,794,435,1229
1781C1050,1269,229,1498
1781C1060,877,189,1066
1781C1070,1261,254,1515
1781C1080,1062,788,1850
1781C1090,1453,205,1658
1781C1100,1458,279,1737
1781C1110,1547,169,1716
1781C1120,1309,182,1491
1782A0010,777,204,981
1782A0020,1152,146,1298
1782A0030,872,155,1027
1782B2010,589,165,754
1782C1010,1264,478,1742
1782C1020,1140,600,1740
1782C1030,1251,297,1548
1782C1040,973,252,1225
1783A0010,888,190,1078
1783A0020,1054,341,1395
1783A0030,789,223,1012
1783A0040,965,236,1201
1783B2010,912,148,1060
1783B3010,883,129,1012
1783C1010,1458,353,1811
1783C1020,1665,319,1984
1783C1030,855,181,1036
1784A0010,787,168,955
1784A0020,1292,127,1419
1784A0030,1156,142,1298
1784A0040,1323,75,1398
1784A0050,1523,173,1696
1784A0060,2423,210,2633
1784A0070,1768,185,1953
1784C1010,927,402,1329
1784C1020,1707,396,2103
1784C1030,1608,381,1989
1784C1040,1165,176,1341
1784C1050,1159,320,1479
1784C1060,1076,338,1414
1784C1070,1445,498,1943
1784C1080,1054,219,1273
1784C1090,1428,181,1609
1785A0010,915,74,989
1785A0020,1296,96,1392
1785A0030,1342,99,1441
1785A0040,876,111,987
1785A0050,1213,123,1336
1785C1010,1021,553,1574
1785C1020,1928,339,2267
1785C1030,922,556,1478
1785C1040,1813,433,2246
1785C1050,1324,208,1532
1814A0010,1390,90,1480
1814A0020,990,104,1094
1814A0030,1384,98,1482
1814B2010,1716,143,1859
1814C1010,1632,163,1795
1814C1020,859,187,1046
1860A0010,1197,213,1410
1860A0020,832,169,1001
1860C1010,1117,426,1543
1860C1020,1191,431,1622
1861A0010,1535,154,1689
1861A0020,1689,137,1826
1861A0030,1472,144,1616
1861B2010,1253,415,1668
1861B3010,1013,135,1148
1861C1010,1127,449,1576
1861C1020,1342,177,1519
1861C1030,936,317,1253
1861C1040,1295,255,1550
1861C1050,1140,1305,2445
1862A0010,738,133,871
1862A0020,1212,118,1330
1862C1010,1107,526,1633
1862C1020,938,271,1209
1862C1030,1187,452,1639
1862C1040,702,140,842
1862C1050,1718,288,2006
1863A0010,1305,214,1519
1863A0020,721,154,875
1863C1010,1215,363,1578
1863C1020,1010,656,1666
1863C1030,725,293,1018
1864A0010,1281,374,1655
1864C1010,1173,276,1449
1864C1020,1051,362,1413
1880A0010,895,108,1003
1880A0020,871,41,912
1880A0030,880,81,961
1880A0040,1564,130,1694
1880A0050,1003,93,1096
1880A0060,2238,140,2378
1880A0070,1030,105,1135
1880A0080,691,42,733
1880A0090,814,95,909
1880A0100,847,65,912
1880A0110,1983,139,2122
1880A0120,1621,162,1783
1880A0130,1174,113,1287
1880A0140,1068,85,1153
1880B2010,2179,181,2360
1880B3010,1946,315,2261
1880B4010,1477,180,1657
1880B5010,1192,176,1368
1880C1010,1467,248,1715
1880C1020,919,251,1170
1880C1030,1511,175,1686
1880C1040,1786,267,2053
1880C1050,732,1096,1828
1880C1060,1379,140,1519
1880C1070,2303,362,2665
1880C1080,544,1027,1571
1880C1090,1020,600,1620
1880C1100,1974,327,2301
1880C1110,2156,392,2548
1880C1120,751,180,931
1880C1130,2262,921,3183
1880C1140,4439,1362,5801
1880C1150,1514,871,2385
1880C1160,1591,548,2139
1880C1170,1658,327,1985
1880C1180,1940,272,2212
1880C1190,1108,420,1528
1880C1200,1847,333,2180
1880C1210,1138,481,1619
1880C1220,1420,573,1993
1880C1230,1455,269,1724
1880C1240,972,752,1724
1880C1250,1847,317,2164
1880C1260,918,203,1121
1880C1270,3012,510,3522
1880C1280,1489,243,1732
1880C1290,1684,355,2039
1880C1300,1390,429,1819
1880C1310,987,470,1457
1880C1320,1873,480,2353
1880C1330,1520,355,1875
1880C1340,1137,445,1582
1880C1350,1287,402,1689
1880C1360,1585,358,1943
1880C1370,1166,349,1515
1880C1380,964,707,1671
1880C1390,434,1656,2090
1880C1400,850,633,1483
1880C1410,2151,627,2778
1880C1420,1153,458,1611
1880C1430,2373,366,2739
1880C1440,1218,374,1592
1880C1450,338,877,1215
1880C1460,1061,290,1351
1880C1470,1109,350,1459
1880C1480,1138,286,1424
1880C1490,276,1581,1857
1880C1500,1111,376,1487
1880C1510,1030,377,1407
1880C1520,1447,300,1747
1880C1530,340,1448,1788
1880C1540,695,1445,2140
1880C1550,758,330,1088
1880C1560,972,916,1888
1880C1570,192,1348,1540
1880C1580,2148,593,2741
1880C1590,253,1889,2142
1880C1600,112,1003,1115
1880C1610,2181,747,2928
1880C1620,1504,1015,2519
1880C1630,319,1797,2116
1880C1640,825,516,1341
1880C1650,891,590,1481
1880C1660,1547,315,1862
1880C1670,1664,374,2038
1880C1680,1341,233,1574
1880C1690,1089,141,1230
1881A0010,2012,177,2189
1881A0020,1446,185,1631
1881C1010,1932,535,2467
1881C1020,1631,165,1796
1881C1030,1572,885,2457
1881C1040,1607,704,2311
1881C1050,1428,427,1855
1881C1060,1681,383,2064
1881C1070,1804,297,2101
1881C1080,1124,93,1217
1881C1090,2068,323,2391
1882A0010,1332,141,1473
1882A0020,1443,123,1566
1882A0030,1385,76,1461
1882A0040,1150,90,1240
1882B2010,1298,165,1463
1882C1010,1153,447,1600
1882C1020,1150,135,1285
1882C1030,1284,125,1409
1883A0030,1967,171,2138
1883C1010,1161,179,1340
1883C1020,1532,210,1742
1883C1030,1463,480,1943
1883C1040,1254,687,1941
1883C1050,832,1356,2188
1883C1060,1558,323,1881
1883C1070,885,198,1083
1883C1080,1405,748,2153
1883C1090,1482,609,2091
1883C1100,2034,321,2355
1883C1110,1822,370,2192
1883C1120,1241,254,1495
1883C1130,1422,349,1771
1883C1140,1147,183,1330
1883C1150,2321,314,2635
1884A0010,967,112,1079
1884A0020,1459,198,1657
1884C1010,1208,201,1409
1884C1020,1011,246,1257
1884C1030,1549,521,2070
1884C1040,1409,349,1758
1884C1050,1252,219,1471
1885A0010,942,83,1025
1885A0020,1146,216,1362
1885A0030,1134,149,1283
1885A0040,1001,86,1087
1885A0050,1239,152,1391
1885A0060,1203,158,1361
1885B2010,973,134,1107
1885B2020,1263,286,1549
1885B3010,878,148,1026
1885B3020,811,183,994
1885B4010,1129,319,1448
1885C1010,1838,491,2329
1885C1020,1230,255,1485
1885C1030,1856,364,2220
1885C1040,1312,512,1824
1885C1050,792,1152,1944
1904A0010,1808,309,2117
1904C1010,1552,733,2285
1907A0010,787,177,964
1907B2010,980,381,1361
1907B3010,817,455,1272
1907C1010,1338,361,1699
1907C1020,854,245,1099
1907C1030,1220,393,1613
1907C1040,1321,704,2025
1960A0010,902,83,985
1960A0020,1190,217,1407
1960C1010,1804,757,2561
1960C1020,1292,777,2069
1960C1030,1387,353,1740
1961A0010,1223,165,1388
1961A0020,980,123,1103
1961C1010,1065,195,1260
1961C1020,993,225,1218
1961C1030,1438,1052,2490
1961C1040,1374,324,1698
1961C1050,1743,1321,3064
1961C1060,1433,611,2044
1961C1070,1826,620,2446
1962A0010,912,101,1013
1962C1010,1688,335,2023
1962C1020,1203,499,1702
1962C1030,734,155,889
1980A0010,1557,251,1808
1980A0020,2421,332,2753
1980A0030,2284,325,2609
1980A0040,1393,168,1561
1980A0050,1965,195,2160
1980A0060,2398,330,2728
1980B2010,1000,350,1350
1980B2020,1350,589,1939
1980B3010,1211,164,1375
1980B3020,1525,180,1705
1980B4010,1087,173,1260
1980B5010,950,174,1124
1980C1010,1765,235,2000
1980C1020,962,131,1093
1980C1030,1102,505,1607
1980C1040,1184,756,1940
1980C1050,1143,1490,2633
1980C1060,1756,336,2092
1980C1070,533,1029,1562
1980C1080,1010,757,1767
1980C1090,702,115,817
1980C1100,628,1605,2233
1980C1110,1032,1177,2209
1980C1120,1194,995,2189
1980C1130,1434,286,1720
1980C1140,1976,453,2429
1980C1150,3217,1658,4875
1980C1160,1120,476,1596
1980C1170,957,939,1896
1980C1180,486,1786,2272
1980C1190,891,1390,2281
1980C1200,641,1438,2079
1980C1210,1327,588,1915
1980C1220,1278,384,1662
1980C1230,1226,397,1623
1980C1240,1209,510,1719
1980C1250,1507,304,1811
1980C1260,1084,463,1547
1980C1270,659,1347,2006
1980C1280,1080,1042,2122
1980C1290,943,812,1755
1980C1300,1672,357,2029
1980C1310,1036,766,1802
1980C1320,1009,545,1554
1980C1330,1403,398,1801
1980C1340,336,1849,2185
1980C1350,1112,370,1482
1980C1360,1250,392,1642
1980C1370,931,676,1607
1980C1380,1186,890,2076
1980C1390,1301,224,1525
1980C1400,488,1852,2340
1980C1410,1364,460,1824
1980C1420,1276,502,1778
1980C1430,1078,674,1752
1980C1440,1294,371,1665
1980C1450,1229,387,1616
1980C1460,1680,769,2449
1980C1470,429,1219,1648
1980C1480,1534,572,2106
1980C1490,1007,438,1445
1980C1500,1382,655,2037
1980C1510,1181,561,1742
1980C1520,1080,1013,2093
1980C1530,1057,945,2002
1980C1540,1297,437,1734
1980C1550,1153,440,1593
1980C1560,1105,529,1634
1980C1570,1109,488,1597
1980C1580,1499,454,1953
1980C1590,1047,244,1291
1980C1600,1285,993,2278
1980C1610,1129,554,1683
1980C1620,1421,961,2382
1980C1630,1272,704,1976
1980C1640,1308,706,2014
1980C1650,1573,352,1925
1980C1660,1664,270,1934
1980C1670,1396,335,1731
1980C1680,1134,554,1688
1980C1690,1447,435,1882
1980C1700,1583,265,1848
1980C1710,1131,128,1259
1980C1720,1966,263,2229
1981A0010,1931,176,2107
1981A0020,1577,124,1701
1981A0030,1618,101,1719
1981A0040,1912,172,2084
1981A0050,1101,134,1235
1981C1010,1353,326,1679
1981C1020,2163,470,2633
1981C1030,1084,623,1707
1981C1040,1348,325,1673
1981C1050,1754,376,2130
1981C1060,1111,1357,2468
1981C1070,1572,273,1845
1982A0010,1065,164,1229
1982C1010,1194,362,1556
1982C1020,1221,933,2154
1982C1030,1417,343,1760
1982C1040,1601,635,2236
1982C1050,1144,1109,2253
1982C1060,773,1380,2153
1983A0010,1685,183,1868
1983A0020,1544,218,1762
1983A0030,1064,96,1160
1983B2010,1014,277,1291
1983B2020,982,251,1233
1983C1010,1168,476,1644
1983C1020,1035,508,1543
1983C1030,863,285,1148
1983C1040,483,1327,1810
1983C1050,1186,717,1903
1983C1060,1409,478,1887
1983C1070,1175,629,1804
1983C1080,1803,323,2126
1983C1090,1224,687,1911
1983C1100,825,610,1435
1983C1110,899,696,1595
1984A0010,1188,104,1292
1984A0020,1412,110,1522
1984C1010,1693,403,2096
1984C1020,1338,681,2019
1984C1030,905,233,1138
1984C1040,1510,400,1910
1984C1050,1195,210,1405
1984C1060,1551,212,1763
1984C1070,548,390,938
2021A0010,1310,116,1426
2021A0020,866,100,966
2021B2010,2030,119,2149
2021C1010,1782,477,2259
2023A0010,1389,200,1589
2023A0020,1415,117,1532
2023A0030,1820,270,2090
2023C1010,1448,198,1646
2023C1020,1219,165,1384
2023C1030,1459,558,2017
2026A0010,1577,186,1763
2026A0020,1653,130,1783
2026B2010,1742,276,2018
2026B3010,1383,107,1490
2026C1010,1762,134,1896
2026C1020,1365,184,1549
2029A0010,1460,92,1552
2029A0020,1538,115,1653
2029B2010,1502,139,1641
2029C1010,900,190,1090
2029C1020,986,142,1128
2029C1030,884,40,924
2029C1040,2397,215,2612
2029C1050,2104,421,2525
2029C1060,1378,307,1685
2029C1070,1164,139,1303
2031A0010,2514,162,2676
2031A0020,971,125,1096
2031C1010,2068,121,2189
2031C1020,1730,200,1930
2031C1030,1571,235,1806
2031C1040,1255,140,1395
2034A0010,1166,124,1290
2034C1010,1243,86,1329
2034C1020,1320,390,1710
2034C1030,1445,351,1796
2034C1040,768,41,809
2039A0010,1764,132,1896
2039A0020,833,103,936
2039A0030,1033,144,1177
2039C1010,1974,332,2306
2039C1020,669,34,703
2061A0010,1404,192,1596
2061A0020,1495,130,1625
2061A0030,875,91,966
2061B2010,993,94,1087
2061C1010,1215,273,1488
2061C1020,1080,306,1386
2061C1030,840,258,1098
2061C1040,1500,176,1676
2062A0010,1585,123,1708
2062A0020,907,53,960
2062A0030,1814,193,2007
2062B2010,1270,40,1310
2062C1010,1683,104,1787
2062C1020,2031,215,2246
2062C1030,1237,331,1568
2062C1040,1080,203,1283
2062C1050,1895,350,2245
2062C1060,1446,104,1550
2062C1070,1319,373,1692
2062C1080,2169,154,2323
2080A0010,1706,134,1840
2080A0020,1957,143,2100
2080A0030,1636,122,1758
2080A0040,1276,64,1340
2080A0050,1402,168,1570
2080A0060,1052,78,1130
2080B2010,1068,50,1118
2080B2020,911,37,948
2080B3010,1860,174,2034
2080B4010,1798,126,1924
2080B5010,1676,227,1903
2080C1010,1204,183,1387
2080C1020,1247,202,1449
2080C1030,2630,307,2937
2080C1040,2032,398,2430
2080C1050,1154,89,1243
2080C1060,1660,422,2082
2080C1070,1437,400,1837
2080C1080,1413,248,1661
2080C1090,951,576,1527
2080C1100,1479,217,1696
2080C1110,1102,537,1639
2080C1120,1520,132,1652
2080C1130,1447,176,1623
2080C1140,1139,258,1397
2080C1150,947,128,1075
2080C1160,1050,114,1164
2080C1170,1034,115,1149
2080C1180,1323,134,1457
2080C1190,1451,161,1612
2080C1200,1385,120,1505
2080C1210,1128,621,1749
2080C1220,1274,134,1408
2080C1230,1035,137,1172
2080C1240,1306,697,2003
2080C1250,935,76,1011
2080C1260,2002,286,2288
2081A0010,735,47,782
2081A0020,2326,186,2512
2081A0030,2014,100,2114
2081B2010,1023,82,1105
2081C1010,1668,133,1801
2081C1020,1424,138,1562
2081C1030,1884,245,2129
2081C1040,1599,222,1821
2081C1050,1513,255,1768
2081C1060,1937,285,2222
2081C1070,998,1076,2074
2081C1080,1595,735,2330
2081C1090,1504,380,1884
2081C1100,1634,473,2107
2081C1110,1698,186,1884
2081C1120,847,1065,1912
2081C1130,1170,441,1611
2081C1140,378,2199,2577
2081C1150,1088,886,1974
2081C1160,1455,243,1698
2081C1170,1226,1191,2417
2081C1180,917,1587,2504
2081C1190,1534,231,1765
2081C1200,1648,213,1861
2081C1210,2040,357,2397
2081C1220,1661,121,1782
2081C1230,1392,193,1585
2082A0010,1233,79,1312
2082A0020,879,43,922
2082A0030,2103,162,2265
2082B2010,810,69,879
2082B2020,1045,57,1102
2082C1010,1418,352,1770
2082C1020,1170,150,1320
2082C1030,1463,238,1701
2083A0010,994,62,1056
2083A0020,972,150,1122
2083A0030,753,188,941
2083A0040,1287,84,1371
2083A0050,1472,157,1629
2083B2010,1195,372,1567
2083C1010,1514,530,2044
2083C1020,1614,452,2066
2083C1030,1454,397,1851
2083C1040,1361,435,1796
2084A0010,1303,133,1436
2084A0020,1821,177,1998
2084A0030,1171,127,1298
2084B2010,878,221,1099
2084C1010,706,532,1238
2084C1020,731,625,1356
2084C1030,1849,255,2104
2084C1040,1288,721,2009
2084C1050,1580,721,2301
2084C1060,1764,451,2215
2084C1070,1233,742,1975
2084C1080,1250,157,1407
2084C1090,2239,257,2496
2085A0010,1093,121,1214
2085A0020,577,126,703
2085A0030,1051,86,1137
2085A0040,2088,224,2312
2085B2010,1282,265,1547
2085B2020,897,137,1034
2085B2030,710,127,837
2085B3010,738,59,797
2085B3020,1064,128,1192
2085C1010,1399,326,1725
2085C1020,1537,327,1864
2085C1030,1206,815,2021
2085C1040,1112,490,1602
2085C1050,931,462,1393
2085C1060,1142,595,1737
2085C1070,875,223,1098
2085C1080,830,1057,1887
2085C1090,1609,644,2253
2101A0010,722,61,783
2101A0020,1691,207,1898
2101C1010,1356,300,1656
2101C1020,1112,372,1484
2104A0010,1817,105,1922
2104A0020,925,102,1027
2104C1010,1576,281,1857
2104C1020,1509,657,2166
2104C1030,1849,651,2500
2121A0010,1533,88,1621
2121A0020,2045,85,2130
2121B2010,1374,87,1461
2121B2020,1094,372,1466
2121C1010,2134,343,2477
2121C1020,772,34,806
2121C1030,1415,246,1661
2132A0010,1737,208,1945
2132A0020,1536,174,1710
2132A0030,857,59,916
2132A0040,905,45,950
2132A0050,1095,138,1233
2132B2010,1163,143,1306
2132C1010,1160,267,1427
2161A0010,1559,80,1639
2161A0020,1001,47,1048
2161A0030,1600,189,1789
2161A0040,896,52,948
2161A0050,1602,98,1700
2161B2010,1489,132,1621
2161B3010,1427,131,1558
2161C1010,942,110,1052
2161C1020,1522,136,1658
2161C1030,1056,762,1818
2161C1040,1177,274,1451
2161C1050,1340,196,1536
2161C1060,914,39,953
2180A0010,1139,72,1211
2180A0020,1791,100,1891
2180A0030,2128,150,2278
2180A0040,809,50,859
2180B2010,1591,136,1727
2180B3010,1381,117,1498
2180B4010,1031,98,1129
2180B5010,830,119,949
2180C1010,1500,241,1741
2180C1020,1791,90,1881
2180C1030,1403,127,1530
2180C1040,951,324,1275
2180C1050,1785,132,1917
2180C1060,1888,333,2221
2180C1070,1893,214,2107
2180C1080,627,2021,2648
2180C1090,1164,629,1793
2180C1100,1531,165,1696
2180C1110,1734,662,2396
2180C1120,866,81,947
2180C1130,1336,215,1551
2180C1140,1354,344,1698
2180C1150,1600,269,1869
2180C1160,1558,327,1885
2180C1170,1647,302,1949
2180C1180,1368,658,2026
2180C1190,1713,317,2030
2180C1200,1964,371,2335
2180C1210,1812,206,2018
2180C1220,1554,399,1953
2180C1230,1845,530,2375
2180C1240,1581,531,2112
2180C1250,1495,482,1977
2180C1260,1412,221,1633
2180C1270,1175,278,1453
2180C1280,1311,737,2048
2180C1290,1037,264,1301
2180C1300,1577,288,1865
2180C1310,1368,900,2268
2180C1320,2226,132,2358
2180C1330,1375,232,1607
2180C1340,655,1387,2042
2180C1350,1584,282,1866
2180C1360,1567,1102,2669
2180C1370,1136,675,1811
2180C1380,1439,589,2028
2180C1390,947,2103,3050
2180C1400,1514,539,2053
2180C1410,1391,1122,2513
2180C1420,2190,243,2433
2180C1430,2856,269,3125
2180C1440,2083,122,2205
2180C1450,1947,83,2030
2180C1460,1556,107,1663
2181A0010,1129,97,1226
2181A0020,1087,54,1141
2181A0030,866,80,946
2181A0040,1798,156,1954
2181A0050,1340,237,1577
2181B2010,976,102,1078
2181B2020,1337,151,1488
2181B2030,1030,98,1128
2181B3010,1692,172,1864
2181B4010,992,74,1066
2181C1010,2083,251,2334
2181C1020,1473,282,1755
2181C1030,1178,671,1849
2181C1040,1657,282,1939
2181C1050,377,926,1303
2181C1060,1003,331,1334
2181C1070,582,1340,1922
2181C1080,793,386,1179
2181C1090,1708,413,2121
2181C1100,1413,456,1869
2181C1110,702,414,1116
2181C1120,798,229,1027
2181C1130,1740,642,2382
2181C1140,381,970,1351
2181C1150,1942,207,2149
2182A0010,1267,140,1407
2182A0020,1426,88,1514
2182A0030,2563,144,2707
2182B2010,956,107,1063
2182B2020,1162,91,1253
2182B3010,1473,388,1861
2182B4010,1011,117,1128
2182C1010,1707,197,1904
2182C1020,1375,102,1477
2182C1030,1230,151,1381
2182C1040,1431,585,2016
2182C1050,1410,146,1556
2182C1060,548,851,1399
2182C1070,1582,652,2234
2182C1080,833,63,896
2182C1090,1065,397,1462
2183A0010,846,22,868
2183A0020,1696,80,1776
2183A0030,920,30,950
2183A0040,1717,87,1804
2183A0050,1196,60,1256
2183A0060,1830,97,1927
2183B2010,820,106,926
2183B2020,1152,105,1257
2183B3010,1405,142,1547
2183C1010,1729,151,1880
2183C1020,1153,353,1506
2183C1030,1613,229,1842
2183C1040,1163,168,1331
2183C1050,1110,1314,2424
2183C1060,1274,534,1808
2183C1070,1474,171,1645
2183C1080,1599,278,1877
2184A0010,1719,112,1831
2184A0020,828,47,875
2184A0030,1117,61,1178
2184A0040,1840,94,1934
2184A0050,1788,75,1863
2184A0060,977,75,1052
2184A0070,2245,210,2455
2184B2010,811,52,863
2184B2020,1120,273,1393
2184B2030,1615,404,2019
2184B3010,912,100,1012
2184B3020,1329,174,1503
2184B4010,1528,152,1680
2184B5010,1029,63,1092
2184C1010,892,51,943
2184C1020,1529,909,2438
2184C1030,1397,200,1597
2184C1040,1220,154,1374
2184C1050,2049,232,2281
2184C1060,1499,190,1689
2184C1070,1364,467,1831
2184C1080,1606,168,1774
2184C1090,1176,123,1299
2184C1100,1493,219,1712
2260A0010,1524,138,1662
2260A0020,1170,86,1256
2260A0030,1153,77,1230
2260B2010,667,99,766
2260B2020,1328,117,1445
2260C1010,1084,107,1191
2260C1020,1347,246,1593
2262A0010,1764,115,1879
2262A0020,883,74,957
2262B2010,2297,225,2522
2262C1010,1548,192,1740
2262C1020,1734,579,2313
2262C1030,1347,219,1566
2262C1040,1840,573,2413
2262C1050,2184,209,2393
2262C1060,1860,111,1971
2280A0010,1505,109,1614
2280A0020,1053,65,1118
2280A0030,1175,116,1291
2280A0040,1197,174,1371
2280B2010,965,81,1046
2280C1010,959,208,1167
2280C1020,1612,285,1897
2280C1030,1004,253,1257
2280C1040,1262,268,1530
2280C1050,1337,322,1659
2280C1060,694,436,1130
2280C1070,1052,120,1172
2280C1080,1305,444,1749
2280C1090,1167,501,1668
2280C1100,1441,340,1781
2280C1110,1324,697,2021
2280C1120,1264,144,1408
2281A0010,2126,126,2252
2281A0020,1746,71,1817
2281A0030,1218,76,1294
2281A0040,1386,107,1493
2281A0050,1326,87,1413
2281A0060,1324,79,1403
2281A0070,1596,76,1672
2281A0080,1669,82,1751
2281A0090,1011,95,1106
2281B2010,1142,63,1205
2281B2020,1613,95,1708
2281B2030,1628,114,1742
2281B2040,1449,190,1639
2281B2050,948,153,1101
2281B2060,936,73,1009
2281B2070,931,98,1029
2281B2080,1483,975,2458
2281B3010,621,51,672
2281B3020,1396,70,1466
2281B3030,1412,54,1466
2281B3040,1201,63,1264
2281B4010,1367,97,1464
2281C1010,2341,151,2492
2281C1020,1704,356,2060
2281C1030,1999,210,2209
2281C1040,1751,232,1983
2281C1050,1631,173,1804
2281C1060,1310,90,1400
2281C1070,1026,1329,2355
2281C1080,1299,145,1444
2281C1090,968,192,1160
2281C1100,1945,315,2260
2281C1110,1120,228,1348
2281C1120,1211,373,1584
2281C1130,2559,587,3146
2281C1140,1131,1022,2153
2281C1150,832,1089,1921
2281C1160,1551,148,1699
2281C1170,1607,372,1979
2281C1180,1216,165,1381
2281C1190,1143,94,1237
2281C1200,1176,110,1286
2281C1210,1370,361,1731
2281C1220,1957,314,2271
2281C1230,1554,320,1874
2281C1240,1254,325,1579
2281C1250,1059,55,1114
2281C1260,1191,243,1434
2281C1270,1412,245,1657
2281C1280,1763,110,1873
2281C1290,1727,349,2076
2281C1300,2147,308,2455
2281C1310,2222,420,2642
2281C1320,1901,348,2249
2281C1330,1731,584,2315
2281C1340,818,330,1148
2281C1350,1812,82,1894
2281C1360,1271,453,1724
2282A0010,1381,169,1550
2282A0020,1104,148,1252
2282A0030,1396,228,1624
2282A0040,1380,243,1623
2282A0050,984,159,1143
2282A0060,753,75,828
2282B2010,786,161,947
2282B2020,771,127,898
2282B3010,1103,120,1223
2282C1010,1423,411,1834
2282C1020,1610,193,1803
2282C1030,1524,479,2003
2282C1040,831,345,1176
2283A0010,975,92,1067
2283A0020,770,49,819
2283A0030,701,84,785
2283A0040,987,124,1111
2283A0050,1135,112,1247
2283A0060,925,136,1061
2283A0070,1175,111,1286
2283A0080,1068,138,1206
2283B2010,1304,294,1598
2283C1010,1106,74,1180
2283C1020,913,467,1380
2283C1030,1287,373,1660
2283C1040,1338,294,1632
2283C1050,1303,105,1408
2283C1060,982,245,1227
2284A0010,1757,102,1859
2284A0020,740,48,788
2284A0030,1739,78,1817
2284A0040,1103,48,1151
2284A0050,1251,78,1329
2284A0060,1462,58,1520
2284A0070,1197,34,1231
2284A0080,831,152,983
2284A0090,1020,69,1089
2284A0100,1774,117,1891
2284A0110,1601,159,1760
2284B2010,1197,100,1297
2284B2020,1937,295,2232
2284B3010,1295,242,1537
2284B4010,1106,101,1207
2284C1010,1081,86,1167
2284C1020,1172,143,1315
2284C1030,1300,330,1630
2284C1040,1615,76,1691
2284C1050,1952,198,2150
2284C1060,1801,140,1941
2284C1070,1209,80,1289
2284C1080,1138,479,1617
2284C1090,1001,117,1118
2284C1100,1822,210,2032
2284C1110,1224,519,1743
2284C1120,1012,242,1254
2284C1130,1558,291,1849
2284C1140,1005,165,1170
2284C1150,914,728,1642
2284C1160,1870,134,2004
2284C1170,922,305,1227
2284C1180,1258,247,1505
2284C1190,1365,83,1448
2284C1200,1394,124,1518
2284C1210,1164,36,1200
2284C1220,1285,71,1356
2303A0010,928,185,1113
2303A0020,1248,97,1345
2303A0030,1402,139,1541
2303C1010,897,278,1175
2305A0010,894,64,958
2305A0020,1028,222,1250
2305A0030,1082,131,1213
2305A0040,1141,87,1228
2305C1010,1141,372,1513
2309A0010,1302,63,1365
2309A0020,1063,29,1092
2309A0030,1617,125,1742
2309A0040,1874,165,2039
2309A0050,1392,168,1560
2309B2010,1448,110,1558
2309B2020,1624,114,1738
2309B3010,1093,194,1287
2309C1010,1236,55,1291
2309C1020,1541,319,1860
2313A0010,1524,165,1689
2313A0020,1869,211,2080
2313A0030,1536,144,1680
2313A0040,668,111,779
2313B2010,968,183,1151
2313C1010,1292,635,1927
2313C1020,991,73,1064
2313C1030,940,87,1027
2321A0010,1081,67,1148
2321A0020,1609,190,1799
2321A0030,1551,335,1886
2321A0040,1107,145,1252
2321B2010,2165,257,2422
2321B2020,1841,270,2111
2321C1010,1290,422,1712
2326A0010,966,101,1067
2326A0020,1078,58,1136
2326A0030,821,89,910
2326A0040,1062,64,1126
2326A0050,1726,79,1805
2326C1010,755,377,1132
2361A0010,1193,78,1271
2361A0020,860,126,986
2361A0030,1558,146,1704
2361A0040,1100,127,1227
2361B2010,846,138,984
2361B3010,974,145,1119
2361C1010,1187,256,1443
2361C1020,1138,313,1451
2380A0010,2225,122,2347
2380A0020,1579,88,1667
2380A0030,1388,65,1453
2380A0040,2292,107,2399
2380A0050,1100,55,1155
2380B2010,1103,155,1258
2380C1010,1652,136,1788
2380C1020,1042,98,1140
2380C1030,1280,167,1447
2380C1040,2368,394,2762
2380C1050,2061,111,2172
2380C1060,1932,317,2249
2380C1070,785,212,997
2380C1080,1570,202,1772
2380C1090,1117,820,1937
2380C1100,1750,244,1994
2380C1110,1567,101,1668
2380C1120,1685,246,1931
2380C1130,1188,216,1404
2380C1140,1896,388,2284
2380C1150,1299,120,1419
2380C1160,1311,299,1610
2380C1170,1431,354,1785
2380C1180,2097,214,2311
2380C1190,1067,465,1532
2380C1200,1218,406,1624
2380C1210,1453,152,1605
2380C1220,1072,293,1365
2380C1230,1178,134,1312
2380C1240,1465,86,1551
2380C1250,1194,112,1306
2380C1260,1603,157,1760
2380C1270,1915,257,2172
2380C1280,1411,187,1598
2380C1290,2430,419,2849
2380C1300,1339,227,1566
2380C1310,1402,123,1525
2401A0010,1475,87,1562
2401A0020,1329,84,1413
2401B2010,1212,181,1393
2401C1010,649,77,726
2401C1020,1620,352,1972
2403A0010,1280,86,1366
2403C1010,791,215,1006
2404A0010,1210,87,1297
2404A0020,1428,190,1618
2404C1010,2169,420,2589
2409A0010,1797,149,1946
2409A0020,1163,118,1281
2409A0030,1399,142,1541
2409C1010,1599,392,1991
2417A0010,1709,224,1933
2417C1010,1782,232,2014
2418A0010,874,117,991
2418C1010,907,107,1014
2418C1020,827,201,1028
2421A0010,1924,160,2084
2421A0020,1383,144,1527
2421C1010,1056,213,1269
2421C1020,765,102,867
2422A0010,1105,178,1283
2422C1010,974,179,1153
2425A0010,1030,56,1086
2425C1010,1165,162,1327
2460A0010,2298,146,2444
2460C1010,1796,289,2085
2460C1020,967,125,1092
2460C1030,1139,269,1408
2460C1040,1848,86,1934
2462A0010,1039,69,1108
2462A0020,1875,84,1959
2462C1010,871,98,969
2462C1020,1493,155,1648
2462C1030,512,197,709
2463A0010,835,163,998
2463C1010,1552,232,1784
2480A0010,2001,134,2135
2480A0020,1513,122,1635
2480A0030,1567,152,1719
2480A0040,2100,109,2209
2480A0050,1180,68,1248
2480A0060,2407,168,2575
2480A0070,1581,89,1670
2480A0080,2371,110,2481
2480A0090,1239,78,1317
2480B2010,2065,195,2260
2480B2020,1788,171,1959
2480B2030,1908,249,2157
2480B2040,1637,352,1989
2480B3010,1496,102,1598
2480B3020,1471,94,1565
2480B4010,1222,106,1328
2480B4020,1282,55,1337
2480B5010,1336,66,1402
2480C1010,1283,89,1372
2480C1020,1813,422,2235
2480C1030,2106,206,2312
2480C1040,2310,266,2576
2480C1050,1275,618,1893
2480C1060,1532,358,1890
2480C1070,1039,742,1781
2480C1080,2153,263,2416
2480C1090,2805,778,3583
2480C1100,2229,286,2515
2480C1110,1028,1013,2041
2480C1120,1173,1463,2636
2480C1130,1683,230,1913
2480C1140,1835,355,2190
2480C1150,1567,195,1762
2480C1160,1623,772,2395
2480C1170,1986,193,2179
2480C1180,1408,491,1899
2480C1190,1658,275,1933
2480C1200,1309,386,1695
2480C1210,1505,254,1759
2480C1220,1626,309,1935
2480C1230,1518,512,2030
2480C1240,865,254,1119
2480C1250,1475,216,1691
2480C1260,1893,186,2079
2480C1270,1017,198,1215
2480C1280,2266,286,2552
2480C1290,1342,168,1510
2480C1300,1995,244,2239
2480C1310,1681,130,1811
2480C1320,1339,119,1458
2480C1330,1496,127,1623
2480C1340,1347,557,1904
2480C1350,1339,225,1564
2480C1360,1227,93,1320
2480C1370,1350,344,1694
2480C1380,1979,380,2359
2480C1390,901,112,1013
2480C1400,1866,218,2084
2480C1410,1171,299,1470
2480C1420,1058,99,1157
2480C1430,1064,725,1789
2480C1440,2162,285,2447
2480C1450,1780,122,1902
2480C1460,1411,173,1584
2480C1470,1170,307,1477
2480C1480,765,384,1149
2480C1490,1517,689,2206
2480C1500,1792,504,2296
2480C1510,1324,1104,2428
2480C1520,1481,90,1571
2481A0010,822,54,876
2481A0020,1882,77,1959
2481A0030,662,116,778
2481C1010,1104,136,1240
2481C1020,1667,295,1962
2481C1030,1345,332,1677
2481C1040,1716,123,1839
2481C1050,1364,548,1912
2482A0010,905,253,1158
2482A0020,906,97,1003
2482A0030,1092,82,1174
2482A0040,1160,128,1288
2482A0050,1434,61,1495
2482A0060,1481,68,1549
2482A0070,1073,66,1139
2482A0080,1450,55,1505
2482A0090,1375,102,1477
2482A0100,1781,58,1839
2482A0110,1364,92,1456
2482A0120,1017,198,1215
2482B2010,946,82,1028
2482B2020,1256,106,1362
2482B2030,804,61,865
2482B3010,937,231,1168
2482B3020,1325,125,1450
2482B4010,1549,228,1777
2482B5010,1127,542,1669
2482B6010,1411,278,1689
2482C1010,1264,440,1704
2482C1020,1493,117,1610
2482C1030,1186,336,1522
2482C1040,1266,127,1393
2482C1050,1172,168,1340
2482C1060,2146,133,2279
2482C1070,1173,129,1302
2482C1080,1231,64,1295
2482C1090,1276,281,1557
2482C1100,1360,118,1478
2482C1110,1191,500,1691
2482C1120,1863,146,2009
2482C1130,1047,305,1352
2482C1140,1430,120,1550
2482C1150,1582,265,1847
2482C1160,1088,178,1266
2482C1170,1157,138,1295
2482C1180,1557,189,1746
2482C1190,1308,272,1580
2482C1200,1660,140,1800
2482C1210,1373,177,1550
2482C1220,1068,560,1628
2482C1230,1010,124,1134
2482C1240,1371,145,1516
2482C1250,1265,115,1380
2482C1260,1187,100,1287
2482C1270,1437,335,1772
2482C1280,1584,176,1760
2482C1290,1914,333,2247
2482C1300,1037,169,1206
2505A0010,1440,216,1656
2505C1010,1217,142,1359
2505C1020,1432,80,1512
2505C1030,1346,238,1584
2506A0010,874,131,1005
2506C1010,1467,195,1662
2510A0010,737,151,888
2510A0020,1015,126,1141
2510C1010,957,251,1208
2510C1020,1366,157,1523
2513A0010,1527,155,1682
2513C1010,1161,317,1478
2514A0010,1304,103,1407
2514A0020,1259,259,1518
2514A0030,958,70,1028
2514A0040,1191,158,1349
2514B2010,859,150,1009
2514C1010,867,125,992
2514C1020,949,115,1064
2514C1030,1549,475,2024
2514C1040,1520,364,1884
2514C1050,1489,267,1756
2514C1060,1531,167,1698
2518A0010,579,230,809
2518A0020,669,178,847
2518A0030,611,162,773
2518C1010,1044,646,1690
2521A0010,670,118,788
2521A0020,708,76,784
2521A0030,754,104,858
2521A0040,1271,203,1474
2521C1010,1561,418,1979
2523A0010,853,97,950
2523A0020,884,69,953
2523A0030,1694,205,1899
2523B2010,1137,94,1231
2523C1010,2211,348,2559
2523C1020,1560,331,1891
2523C1030,1613,484,2097
2523C1040,1748,138,1886
2523C1050,1331,132,1463
2523C1060,1345,101,1446
2523C1070,307,28,335
2523C1080,582,128,710
2560A0010,1219,89,1308
2560A0020,1350,192,1542
2560C1010,1041,150,1191
2560C1020,1514,183,1697
2560C1030,1800,373,2173
2580A0010,1143,97,1240
2580A0020,907,64,971
2580A0030,1184,90,1274
2580A0040,1859,125,1984
2580A0050,1425,83,1508
2580A0060,1735,152,1887
2580A0070,1472,112,1584
2580A0080,1849,148,1997
2580B2010,1765,278,2043
2580B3010,878,53,931
2580B3020,751,51,802
2580C1010,1377,184,1561
2580C1020,1200,419,1619
2580C1030,2015,152,2167
2580C1040,1062,384,1446
2580C1050,1933,213,2146
2580C1060,1228,445,1673
2580C1070,1800,292,2092
2580C1080,1551,188,1739
2580C1090,1134,340,1474
2580C1100,1047,138,1185
2580C1110,1458,265,1723
2580C1120,1790,259,2049
2580C1130,1109,156,1265
2580C1140,1354,188,1542
2580C1150,1285,488,1773
2580C1160,1378,540,1918
2580C1170,1405,282,1687
2580C1180,1888,241,2129
2580C1190,2502,408,2910
2580C1200,1344,181,1525
2580C1210,1614,213,1827
2580C1220,1403,819,2222
2580C1230,1594,389,1983
2580C1240,993,100,1093
2580C1250,1148,109,1257
2580C1260,1061,113,1174
2580C1270,1337,677,2014
2580C1280,1723,266,1989
2580C1290,2726,456,3182
2580C1300,1324,651,1975
2580C1310,1270,489,1759
2580C1320,1740,153,1893
2580C1330,1639,172,1811
2580C1340,1731,248,1979
2580C1350,1156,86,1242
2581A0010,1129,64,1193
2581A0020,1183,47,1230
2581A0030,1406,45,1451
2581A0040,1227,49,1276
2581A0050,948,73,1021
2581A0060,1220,39,1259
2581A0070,1665,89,1754
2581B2010,885,39,924
2581B2020,912,107,1019
2581B3010,1682,188,1870
2581B4010,1280,55,1335
2581C1010,1822,163,1985
2581C1020,1390,70,1460
2581C1030,959,102,1061
2581C1040,1101,57,1158
2581C1050,1347,90,1437
2581C1060,1295,121,1416
2581C1070,1158,67,1225
2581C1080,1442,203,1645
2581C1090,2329,283,2612
2581C1100,1601,221,1822
2581C1110,1678,192,1870
2581C1120,1478,174,1652
2581C1130,1608,178,1786
2581C1140,1600,135,1735
2581C1150,1995,251,2246
2581C1160,1038,218,1256
2581C1170,1427,237,1664
2582A0010,1900,121,2021
2582A0020,1587,128,1715
2582A0030,1113,166,1279
2582B2010,1949,220,2169
2582B2020,1286,131,1417
2582C1010,1764,127,1891
2582C1020,892,92,984
2582C1030,1023,59,1082
2582C1040,1542,270,1812
2582C1050,1121,723,1844
2582C1060,980,155,1135
2582C1070,1157,151,1308
2582C1080,2444,158,2602
2582C1090,1008,258,1266
2582C1100,1257,219,1476
2582C1110,1241,106,1347
2582C1120,1175,314,1489
2582C1130,1125,86,1211
2583A0010,1313,705,2018
2583A0020,604,304,908
2583C1010,430,335,765
2583C1020,615,923,1538
2583C1030,905,1426,2331
2583C1040,685,1095,1780
2584A0010,1172,269,1441
2584A0020,1378,200,1578
2584A0030,846,141,987
2584A0040,976,159,1135
2584C1010,1481,150,1631
2584C1020,1913,316,2229
2584C1030,1275,335,1610
2584C1040,885,167,1052
2584C1050,1230,401,1631
2584C1060,1002,222,1224
2584C1070,1910,290,2200
2584C1090,1618,385,2003
2584C1100,875,209,1084
2584C1110,997,178,1175
2584C1130,1238,205,1443